1005043
1009793
102242
1023625
1026534
1033302
1034766
1034951
1047925
105015
105915
1060387
10610
1064126
1069529
1074805
108842
1093376
1132817
1150387
115134
115155
115695
1159210
117348
1179962
1184078
1189031
1196083
1200988
1202190
1209430
1214742
1215035
121527
1221470
122378
1224371
1228959
1233737
1243848
1248823
125461
1263944
1278181
1279526
1279594
1279680
1287281
1293633
1319819
1324556
1328476
1332112
1332916
1337378
1340545
1346349
1349287
135075
1366344
1370129
1378587
1381656
1387042
1389036
1390266
1390385
1392733
1393089
1403824
141230
143505
14957
149794
152167
155538
156284
160008
162764
168295
176995
181591
182065
182193
185300
187089
190450
191158
196679
197179
200671
204663
204792
214251
21501
232242
237081
244078
244665
24867
25343
26438
266200
271233
271486
281864
287809
297525
299722
316338
321548
321767
321986
323985
328280
333001
34723
347875
351531
351917
35949
363012
366020
369926
370720
382400
396115
400489
404525
40664
41132
423526
431859
43229
439658
444362
458063
46730
467300
474581
474966
47770
491953
49272
527263
531782
541230
545141
546218
55097
552146
555591
563042
563130
56939
575764
579716
58177
592366
59243
604379
613803
61550
6200
621537
624462
624662
642272
644337
644990
657310
65782
66107
661306
661503
661900
682556
68396
689212
689620
694294
696961
702298
721215
730651
736436
737131
743729
74463
757282
768144
7729
774115
779269
780511
781465
782094
78809
816337
817105
826642
82702
832467
837241
83889
843586
857359
867496
876586
88455
900949
902195
904870
905392
906068
919607
935072
935088
94797
949533
957178
96054
966173
967272
968774
96890
969483
972801
976719
976773
977279
9775
99287
1032116
1047895
1052851
1053627
1060463
1068231
1068819
106976
106996
1083651
108786
1102308
110356
1125902
11286
1136862
1138578
1141528
1150999
1160442
1191556
1194404
1196431
1201847
121562
1216661
1220253
122465
1228718
1247977
1251778
126621
1276297
1279090
1283185
1285888
1288450
129075
1291191
1303631
1308159
131453
1315304
1319348
1320404
1344897
1345332
1345426
134619
1349738
1351509
1351640
1359659
136434
1367205
1367255
1367283
1367608
1368362
1373251
1381162
1381294
1381580
1383345
1385507
1388538
1390016
139056
1392432
1398409
1398786
1401486
1409234
141053
14111
1413741
1414192
144287
150754
151911
158795
16303
165765
166354
171035
185563
18887
189779
21599
217465
228124
22977
231712
250839
251955
258663
259562
261231
264579
273774
276398
291324
294661
311497
320870
324985
332858
334594
341439
352210
354465
383291
387020
388154
407842
425468
45118
455092
455184
466624
468090
483255
489070
499944
502904
505210
507121
524559
526943
534635
542698
560253
580439
587719
593952
620233
624737
642754
652348
653069
659134
661367
662499
667865
670038
678405
712249
716070
722329
724704
728455
735634
735884
746938
752621
756075
768194
769927
780437
785567
789403
796464
806011
818804
822838
823492
827274
836790
853200
856286
862720
865571
878006
886147
889402
890349
891636
89633
904201
910564
930393
937839
940397
962017
97065
972175
978867
97924
989051
991809
992823
1004987
1044543
1046903
105958
1063980
1067287
1070419
107178
1075836
1098340
1127223
1137985
1171992
1185075
1199716
1201154
1218315
1218316
1267432
128091
1290166
1293617
1375352
1375506
1393243
1397105
1404457
143117
209413
325080
347045
349596
372683
377837
429465
500703
506445
651609
671753
678506
701437
722200
746746
751162
756757
766011
772207
781607
805829
824682
878164
892692
893454
91918
923479
933413
961565
969073
1001616
1012905
1021565
1024516
1028725
103773
1038676
1045241
105452
105960
1067865
110046
1101506
1108663
1177589
117851
1179260
1194674
1204129
1206641
1248802
1249648
1277183
1328894
1338005
1346313
1357115
1374281
1381818
1381858
1398061
140102
1411195
170947
177938
178332
188335
196864
197423
22174
228699
264196
30599
308267
311719
313529
314163
32509
331032
34067
354895
366389
379714
45948
496107
507487
509634
524379
530735
56650
632052
63342
633781
643195
675799
69275
748406
778092
798229
817279
817818
818269
87931
91771
922387
930743
93089
100005
1001909
1007043
1016439
102678
1036989
103928
104802
1063644
1066767
107332
1081436
109157
1101756
1103189
1105166
111278
112407
1135978
113734
1143043
1153098
1169104
1170357
1176119
118858
1190888
1196215
1197427
1217636
122153
122246
1234475
1250754
1252987
1271722
1275684
1278529
1279737
1284417
1288618
1300192
1311559
1320133
1324174
1327782
1331277
1352283
1355694
1361573
1364983
1379544
1387925
1394944
1395122
1402567
1403244
1404989
1410469
1412440
1416625
141729
146242
147107
153212
154723
160801
162790
162880
163991
164538
164685
167126
173482
176287
17722
178930
181065
188139
190299
193484
195291
195948
197170
197357
204073
205237
21257
23375
236260
246281
264962
265801
268030
2703
273058
286609
298654
310167
316240
316407
318043
320296
330864
331064
333241
342028
342615
342730
344458
352377
35376
356071
365320
368225
371460
373073
374237
38335
39234
393415
394080
39811
407874
411900
414083
420872
422173
423481
429301
435869
437063
440585
444060
454118
489352
495848
496242
496850
506214
513918
529168
541291
554523
559652
564377
572373
574317
575835
57814
582157
598585
600474
601643
614990
632472
6462
649263
652225
655778
655953
673427
673767
681378
69477
700604
713770
717388
723842
726490
732766
738347
744461
753541
768211
777857
78150
782747
786315
787268
788754
794198
821463
832886
833951
837691
855788
865286
875588
894315
89525
904666
910176
912524
914593
949599
952302
95309
953980
95455
96007
97478
976029
976349
993077
100067
1011776
101991
1027435
1043948
104615
107360
114235
114925
11638
116901
1187448
120177
1211322
1214813
1221994
1244427
1246071
1250687
1274760
1278621
128158
1281775
1285931
1289025
1301787
131752
1344223
1354481
1369377
1373865
1374712
138156
1382796
1420935
1421150
1440278
168703
175624
180968
184831
190570
201350
20842
216391
277292
332887
343693
369768
3851
389064
389576
396413
42622
440328
474
492052
49782
510737
511267
522586
543819
546568
55017
576099
588187
602986
622383
63894
652540
661773
670460
682576
718191
763160
778694
785462
793249
797089
805033
837703
843660
847878
86510
884364
926467
927591
934023
941090
958157
1008017
103701
1037548
1068404
1111025
1135080
1191893
1224771
1266935
1269757
1372434
1377900
1381828
1383297
1396764
1408469
1408632
1424461
145394
148344
16340
178669
198721
199023
221228
252743
268342
315305
341334
398741
40121
407650
410642
495060
502154
506922
512657
551246
587155
59113
600974
606275
625295
649183
649539
67335
695044
75802
778940
791289
81730
83443
843099
865216
942686
958166
960362
969032
1021666
1026573
1034295
1075754
109829
110242
1143461
1146794
119745
1201773
1230538
1326368
1328192
1340485
1355720
1358552
1420627
143541
1442624
189820
198124
201947
24238
252116
311157
324422
358711
384368
408445
455266
503169
505695
524008
634044
686875
695042
705558
711330
816869
85067
871599
1020987
1056858
1228483
128840
132251
1383244
1394328
1408216
145924
176348
196606
204010
21088
288055
316404
34844
418186
448047
63338
728787
74384
748439
748687
779216
826568
878214
88300
89438
908220
996016
998622
1002281
1012105
1018105
10625
106421
1079645
1085808
1093502
1109530
112089
1132092
1188402
1193601
1204096
12112
121379
1215574
121868
1226283
1228962
1231789
1239299
1242063
1267660
1292552
1301681
131402
131493
1320784
1321666
1333945
1339176
1340291
134912
135789
1370559
137097
1381829
1383676
1389057
139115
1394399
141980
143446
144015
144529
14522
147485
153493
164996
171610
171886
172337
175279
175769
177918
181569
181939
186056
191021
193013
194026
195234
195628
198631
206387
21930
22084
231250
250255
2713
272741
2754
276772
285555
285582
286288
294454
297302
30955
313343
326361
340931
34519
349999
354939
359496
390347
395428
420806
42659
440188
44092
46970
487341
490941
491417
49753
499317
51970
529813
529820
5377
539498
55578
59263
606562
609567
61483
620747
627657
62845
631897
64149
642025
647890
647892
647983
663830
66566
66622
6699
676587
678640
68245
682862
683122
6859
6898
693909
694504
703719
707229
717526
717719
72935
731507
731721
73333
739386
75094
76140
773268
77432
77482
778370
786973
7954
799229
812773
816252
81859
827043
83654
837675
837970
840345
841765
843331
845171
85343
854514
85641
857754
866138
86837
8696
878250
879936
882078
884249
888693
912914
91709
931257
931358
935948
970705
975353
97772
981473
100139
103426
1058409
1109340
111736
1127499
1195825
1243970
1299390
1299465
1322394
1357869
1363262
136850
139432
1395024
1402334
140952
174778
18820
192592
208786
250877
258189
26354
270544
271652
273518
275142
276797
285419
399144
566756
58760
694918
710540
749238
76343
858985
88309
957378
97028
100450
1010154
102005
1028896
103415
1043576
106857
1075704
108503
1087959
109536
1111536
1113361
111432
113243
11415
115931
1166590
1189362
1206297
1210730
121087
122176
1239438
123973
124977
125028
1254265
1269776
1275513
1276023
129085
129202
129698
1299986
1314110
1316262
131702
1327044
132820
133186
1332818
13479
1352973
135917
1367824
1371165
1371616
1373606
1376327
1376403
137961
1382053
1396808
1399574
140084
1407312
1410220
1410345
1415025
1417924
1423521
1432810
143592
148925
154998
159661
160286
160298
163046
163422
164432
16481
166299
16696
169239
171055
172175
172291
172352
175515
17555
176303
178871
180526
181430
182198
190763
191376
192154
193556
195584
199885
199897
200567
203606
205612
205710
221003
22251
223680
224624
22606
2336
237039
241709
24294
245184
24943
25726
265526
266080
272212
273842
27387
276059
276883
277659
29765
3003
310284
332306
34246
344658
35336
35666
359205
371123
379157
38349
39370
39577
401788
41344
420706
436048
438856
44070
44171
445450
446286
460044
475917
484386
489791
508390
525492
526834
52811
53579
538226
540367
54930
55033
558318
5689
571587
576297
579607
582518
59477
60338
607885
62028
62540
631618
63437
64004
65664
675362
68305
716485
718162
71833
719451
726965
7274
72966
741032
74164
748794
75137
778551
787105
798406
80047
80312
80509
81959
82092
825596
837821
841249
850085
854080
859661
862257
86340
867298
87086
87210
891580
906208
907765
90868
917636
92059
923280
93402
946528
94945
958180
962732
964099
986569
99164
99187
1071112
1084520
1087259
1154133
1194467
1270608
1338835
1409910
22104
300001
320160
379216
469503
550797
60274
690202
73570
74718
792869
823352
934243
1023538
1024392
1029880
1037037
1050699
105089
1051629
1058265
1059899
1063123
1064540
1068666
1069164
107707
1114104
1135139
113698
1138329
114839
1151379
1163582
117376
122223
1234533
1239126
1246014
1253087
1285360
130862
1313720
1336217
135155
1358687
1365611
1380406
1382965
1385792
1407488
15331
173850
19045
199146
207565
210920
219930
236271
236766
270470
284763
297470
314479
362745
368955
376265
397422
41464
414803
421930
443840
446837
447212
448042
482644
489990
492084
514097
549540
562786
599369
610026
628323
631649
633678
647899
656063
669274
679283
696508
70006
726823
734725
751740
76182
7671
781123
78156
794372
79836
808601
824118
842200
867471
867563
876883
879882
887584
896828
896994
901378
901480
901692
903605
908180
910544
910569
932428
944789
994668
1004826
1007568
101257
1037816
1045402
1063024
1066133
1083512
1085737
1098144
1099927
1103195
1108730
1129738
1131833
1142571
1142683
1144310
1171844
1188680
1200858
1207706
1208955
1223179
1234115
1278219
1306907
1328675
1330374
1333870
1340415
1346605
1351742
135401
1360144
1367652
1371524
1371585
1376168
1396190
1411378
1411751
1412239
1419696
1430486
1431124
1442642
150489
158534
161123
165112
185312
201928
205172
213595
248035
263498
282648
285067
285171
285205
286440
291740
297901
299295
301522
30803
308687
308791
318578
321314
34106
379538
386928
393355
394978
429022
432067
436454
439785
444535
445446
446607
450607
459877
460644
475445
48864
503615
513117
542958
558528
558565
560883
578215
580603
600556
608369
614393
624103
624480
633301
637840
652836
66989
671783
675110
687203
687929
695373
697146
698992
747113
769319
788721
795039
804598
816172
823651
831711
845799
859063
875741
885579
899112
901794
913192
918616
919478
930934
955551
958225
966600
991649
1078037
1109521
1192537
1234513
1289843
130035
1313554
1338975
1382602
1437509
257895
289904
354270
428367
470429
513451
557168
571035
586740
588934
60031
619225
68373
717514
726376
749084
767744
774570
82169
824123
825905
852789
858216
866291
917454
942708
96982
970230
1003348
100500
1010688
1011142
102190
1032802
1048194
104824
105402
1071471
1071901
1077805
1079747
1093904
1108617
1109472
1116361
1128103
1143691
114565
1155717
1160456
1162672
116534
119020
121888
1220062
1248795
1263131
1278088
1284768
1333181
1337597
1337693
1349323
1354133
1359388
1362251
1374424
138112
1389927
1407296
141190
141650
1443177
148861
150211
15147
155370
165005
165499
168550
173891
174646
180893
184048
197230
209536
213939
221929
231220
234460
250526
266132
281499
283894
289940
295088
29535
312896
31326
31355
314589
320445
323886
324494
3308
331005
333976
33835
343176
358838
362497
369412
374791
395599
404250
411938
428124
455264
458856
47518
477714
489201
491381
506244
507832
527931
528889
530686
551551
556457
565836
567506
575927
59073
603463
62289
623858
625624
631022
634809
642878
644955
647162
647616
650199
660828
669710
671356
676269
68446
69065
71102
72150
722494
724225
736002
73831
73904
74679
749006
774345
785257
789105
801371
805100
811070
814027
816188
816584
818174
819178
820225
82695
828972
840837
843439
845398
856883
858320
865237
870433
87475
878548
904534
916318
935006
940423
945642
947680
957336
969694
988608
102330
1048088
1055639
106392
1068351
10711
112116
115699
1228747
1238627
1252273
125741
126210
1283155
128546
1328444
1344776
1345290
1345901
1346371
1353958
1356089
1366720
139880
1409266
145381
157445
176137
177698
19266
199151
215845
231707
25931
271931
293863
306708
36449
383339
38661
401923
431182
4763
489742
502554
50472
536595
548642
559939
595489
598034
651944
683659
695612
717465
726919
755805
757842
763530
765252
803801
822110
823061
829996
83805
887253
899681
911961
918559
962888
979479
1044829
1072597
1086828
1126996
1132765
1136502
115680
1201524
1234815
126352
130700
1329145
1373189
1378649
1392815
1403316
140730
1423568
157135
157992
181721
196242
203614
31027
31499
315407
362229
379780
38817
400404
435688
449997
495687
608160
614386
644723
670666
689145
702924
7127
77810
783769
812387
855808
85786
876368
905946
1002941
1003839
1013544
1034757
1060281
1061224
1068215
1070903
1089986
1102996
1124430
1134795
1146209
1196125
1248267
1266766
1280021
1312320
131407
1328488
1334153
1346556
1364797
1376159
1380828
1399436
1403094
14063
141633
1420381
142849
1436905
156123
164309
17281
173060
18334
206889
208075
20951
243284
246247
247970
255973
257611
274449
276109
276253
27839
284764
299977
303458
31647
316653
318103
325635
33973
349473
351701
352173
357760
371978
38214
385686
386300
38980
399606
40735
418603
419065
428060
43563
440874
444038
445380
48158
48551
491721
495254
499222
505423
580607
626466
630757
64064
64463
64875
678611
678849
682332
717683
724019
72454
735850
736259
737520
75047
763604
771538
772102
777217
789593
795354
79804
810388
811986
821138
828159
837055
837862
844390
8567
864774
866072
87356
874428
884875
901072
910771
913064
914379
919152
922950
945161
95705
1020747
1171701
1209140
137168
1392518
1402922
1433056
1441302
147307
165660
275677
275890
28638
316354
338552
339525
363960
4571
4840
67998
806135
94531
996447
1016846
1025407
104640
1054103
1060080
1071408
1076624
107675
1079517
109066
1090814
1102266
11068
1113039
1123412
1124090
1135760
1147933
1157716
117333
1182265
1184564
1192666
1198982
128327
1307765
1317932
1319986
132670
1330465
1344184
1344585
1345098
1361693
1367755
1381592
1386762
138887
1390262
1392096
1398242
1402779
1403002
1411803
1426085
1435224
147480
159517
162779
164014
166875
17592
179201
180136
199838
209392
211650
22466
229624
237601
245500
250116
250641
272806
286110
32328
332401
33436
335577
346882
381479
383039
412399
416190
440820
445913
461356
466364
483062
506525
525024
538175
584902
591318
591570
5974
616604
616863
661458
664629
668831
694445
70626
718838
791600
796698
80051
837527
839948
846606
8498
864506
873542
884069
918419
919386
919589
925551
970936
982827
988211
990789
991220
1014087
102952
103494
1039420
1053229
1082247
1084502
1084994
1138272
1163927
1186891
1199882
1203736
120793
121535
1225191
1227990
1248006
1275347
130063
1309207
1340171
136081
140013
1409585
1435993
14992
150148
155112
156991
160210
163613
176988
187116
189594
222193
267539
32907
510949
543878
595935
637222
640
661385
687011
705427
71327
77403
838456
842649
856112
888966
92018
92457
969038
991891
1002933
1010689
1020356
1023297
102373
1028285
1033182
1050666
1066460
1066816
1076426
1087725
1090313
10944
1101683
1107283
1112624
114130
1142517
114763
116545
1167059
1171689
1183080
1210045
1227019
125657
1267248
1275630
1277557
1323329
132551
1328923
1329535
1334423
1334758
1354984
1379374
1411422
1416259
1420621
144245
14667
146705
155156
156583
173594
176079
22317
228488
236580
23992
245044
246195
24854
259626
262047
266657
272748
273274
310881
320892
3260
330379
34956
356791
369436
369602
371382
38190
381926
387456
406954
40937
420577
430934
431185
44047
442764
443534
446565
45480
47081
477891
507445
539635
539665
539830
544095
550625
555162
556558
565248
596287
596486
638245
665091
693014
705121
718770
732132
749808
759567
76984
770770
775089
778079
778632
787851
79965
805059
80526
817263
826908
83638
836437
837856
839983
852623
866183
866252
873034
874012
879846
880668
888333
888592
905541
941481
942495
94460
1192514
1269613
1315121
1443033
386974
49995
555366
632714
654062
664109
756657
878710
942931
963236
1009461
1020306
1031068
1031797
1039224
1039687
1043824
105868
1064795
1066574
1072006
1102794
110381
111058
1115048
111676
1120291
1123615
1145763
1183211
1188969
1189525
1210879
1251746
1251862
1258292
1264135
1266562
1279891
1299536
1311706
1332522
1335117
1337433
1357753
1375117
1375709
1389586
145830
152475
158769
162040
179945
187098
18713
197530
211462
215861
223553
224116
243569
24880
264291
269039
272869
282991
290563
30777
311588
321955
333284
344494
36036
373249
373297
373814
38204
388813
390238
403434
407505
410113
423249
429736
451343
454378
475847
477082
482593
491312
492983
52867
536139
566640
567709
568225
569474
596840
605775
611891
622038
629091
629526
64224
65544
662807
669741
688223
754222
767830
78855
791352
810855
836489
843341
85169
853406
858346
862351
872219
878052
880768
886474
886745
913999
92490
933947
937787
940472
945360
945677
953343
96039
971971
1026733
1075855
1102264
1182577
134767
1392207
165622
200023
203767
214849
234773
242186
267420
285268
297217
342800
541805
59567
629279
657964
669676
794219
824289
85161
85435
87513
952861
982148
1001587
1007518
1023230
10241
1025493
1031237
1031357
1034082
1036155
103984
1045270
1050036
1051569
1051745
1061474
107183
1078027
1079909
1085924
1097484
1100255
1107258
112190
1124220
1124615
1142047
1143362
1156227
115787
1160712
1172406
1180907
1189613
119421
1198594
1198866
1200538
1253906
1264335
128653
1290219
1320940
1330922
1354485
136743
1371462
1373908
1375069
1377039
1383571
1388700
1392753
1393165
1396086
1401538
1414527
1416011
1416545
1416828
1438820
150198
15174
151915
151963
159340
165735
166223
167838
170329
170938
174678
184067
188608
193647
24451
244581
245794
249701
266220
266723
266750
281575
282821
28698
287772
288922
297341
335904
34652
351640
369413
402208
402346
407188
423421
437043
437590
489937
498403
525138
541272
541663
549367
565931
567786
572475
584072
602041
604815
610657
617252
645043
645487
662580
674212
733277
735777
764031
771717
773806
778360
788972
792489
797132
813438
815514
82932
83376
84856
852392
859024
868793
880362
883232
887085
887301
888634
901080
922454
92522
935988
94108
942498
95132
967653
975312
1386668
186142
240485
294419
343310
424852
42973
495999
610952
878397
892236
955647
100310
1007009
1013968
1023390
1023474
1023976
1038923
1040028
1068739
106903
1069428
1073534
1082170
1087045
1099328
1140572
1145109
1167451
1169391
1181556
1188475
1191117
119211
1216672
1260941
1282290
1287153
1308846
1309291
1325293
1336760
1336845
1354128
136226
1373328
1373582
1373631
137382
1390860
1401965
1404302
1408123
1436809
1439371
15393
155133
156313
158236
161690
168180
168326
170334
190827
199995
200492
218012
227548
237458
250023
252411
263001
280921
283382
289295
29007
291593
296210
297313
301969
326726
333235
341216
349762
349919
362796
371435
386221
38694
389164
400026
406167
413423
416846
443782
445015
445328
44608
456148
459807
482954
49251
519309
523059
527043
530638
537313
54973
55561
571738
580104
581197
595630
629943
651305
67829
678958
685935
691896
692657
702307
716809
729634
742990
743180
743867
746280
75885
778596
782423
790016
796456
798947
798986
801391
812023
836712
841966
855798
858857
872419
892500
905619
909145
91758
918985
926974
928613
939118
948071
966199
9668
969303
978548
1103288
1158279
124774
1267165
1287262
131850
1350857
1375937
1394837
1423706
1426696
1431991
155524
272379
334276
370358
408973
412180
510571
527353
52813
619192
621947
64286
722731
786939
816459
826809
926301
927816
1005207
1032690
1075897
1086384
1092654
1101389
1109440
1110548
1111567
1132401
1143038
114883
1150087
1191012
1191571
119179
1267421
1280469
1283250
1283758
1300170
1306000
131228
1329664
1336164
1336598
1339155
1406712
1420073
148871
169046
184347
185582
186107
189390
195250
217916
219770
288591
296409
305011
311640
322130
3304
335082
338100
357777
381184
389538
411940
415439
415515
423741
424515
444843
473583
480379
487107
50826
521655
538822
555679
556869
557229
574664
57863
58900
601053
601682
609964
62079
622087
629357
639043
641966
644961
670747
67082
679962
692866
726377
733110
736352
745439
746762
752840
768222
778919
786698
804554
822451
822475
826391
842430
843212
871418
875672
875750
878317
883908
900853
918837
935363
945020
956084
95666
966510
982777
1151982
1226715
1245975
1350450
137356
1375772
1410394
201711
206505
283163
314240
325265
330717
354417
366190
369422
38188
38894
430749
440617
48620
555059
62642
694667
744183
797054
817520
823970
858706
904460
91331
1000868
100417
1022277
1022563
1030697
103121
1038482
1051622
1062412
1068355
1068720
1073618
1074917
1081906
1084674
1092862
1097357
1113728
113708
113750
1140739
1141187
116528
1170180
1172568
1176510
1180990
1182524
1182621
1194365
119904
1201799
1205180
1208330
1238080
12453
1266697
1272077
1295816
1305767
1324047
1345189
1346192
1352291
1354380
1360677
1369152
1370429
1373187
1389437
1396285
1419711
1436991
14674
157734
162722
166142
166334
167657
19228
192832
196337
209639
209786
227010
237697
239956
240194
247697
276496
289153
289653
303427
321370
322219
326455
335003
342828
343002
356601
357919
362966
391173
402695
409225
412113
430242
45274
466554
473315
474843
477407
487696
492150
499498
507240
510593
512529
517935
53020
536545
54495
546370
556061
574314
577471
580652
581897
597557
600314
601836
615819
628820
654024
674956
704054
705735
707767
709232
716076
717049
718156
726137
73316
736552
741116
751839
752909
758032
76419
774220
776754
789519
790814
79441
795745
815591
818123
818548
818917
819337
827576
83392
857973
858104
864553
8666
869789
885733
886226
88734
889151
906150
907213
942992
946519
95926
1011872
1017495
1115790
114643
1160331
1162656
119797
1231530
1240580
1266307
1339438
1414460
144
145069
199249
214471
260420
274968
363777
370926
517315
567944
652917
755911
796790
833826
867807
882863
905835
1010496
101598
1020355
1040066
1047594
1050601
106109
1071270
109544
1103169
1115913
111780
11179
1123312
1123457
1124042
1131576
1157168
1184747
1200655
1208006
1214427
1224283
124345
1250789
1252159
1258741
1260630
1267598
1306800
1381455
1385242
1385370
1388803
1397016
1400155
140038
1405221
1410142
1410959
1424926
1443227
167876
178405
179102
19237
211583
216918
22097
231789
265979
286575
287965
28921
293066
29831
318590
323511
331772
340495
368414
376728
38425
389138
389471
391343
412172
412518
420003
424975
430358
460498
460760
473420
48114
48734
488912
498985
524983
531361
537509
53760
539521
54853
563349
563430
573842
581058
584064
588402
61348
61378
618843
622010
625338
626204
628425
629293
641763
644384
649947
652438
663540
676781
702788
706514
713621
716757
730301
730640
761798
778264
787362
794302
798010
79924
800948
804499
810806
819202
832598
850478
856389
866203
897376
900967
913572
917420
94613
95674
960393
961731
967615
971705
974291
987031
992390
992415
1426818
166039
231876
401999
402828
534812
548180
605085
644488
794282
818929
81980
1040247
1041395
1044181
113252
113382
1134305
1145908
1145921
1169379
1182985
1216629
1239181
1250844
1261988
1265101
1273712
1308575
1309971
1312263
1346315
1352602
1356057
1411218
1413807
1426645
1429778
1436181
146100
15522
162506
162953
184103
186876
196364
207460
244949
259884
274784
280123
295602
299524
317321
320060
354318
369111
386869
392363
396050
414301
421154
436447
438789
440022
454343
512453
53107
552895
592529
598465
61454
649938
688847
692626
701817
702291
717371
722700
726814
741056
777869
781122
787706
793349
794949
818811
823444
825530
831091
831212
851593
860922
888304
889776
905994
908791
911766
914501
958049
981492
108528
1203348
163467
184320
190277
294729
328135
459900
52843
543470
580120
621323
767913
767939
813255
838598
878887
935218
95599
960443
964720
990776
1009996
1021820
1026984
1034442
1038653
1063589
1065463
1092871
1093090
1094999
1100869
1110778
1127524
1134576
1147350
115357
1157024
116570
1175414
1181329
1204684
1214731
1214820
1223451
122364
122380
1233835
1234267
1234785
1236964
1284277
1285803
1289929
1307639
1318147
1321724
1322891
1324816
1324958
1338399
1371284
1373053
1396734
1402033
1409756
1411276
1418381
1423261
1431942
1434806
1435341
1438903
1443553
15545
158394
165424
180801
195976
236350
237616
240671
241254
24420
251710
252108
267975
269375
271009
288292
302893
319927
326996
340687
349837
351332
368809
371777
374841
417422
428385
43497
436307
445362
448072
457347
475543
475617
476061
476221
478009
493068
510337
518403
521751
543946
554042
565555
573890
576439
593182
595327
643748
682647
683554
694149
696022
699576
72368
726245
731767
739357
74696
756172
757506
767459
772580
772758
777677
786293
791511
810675
816009
822999
828857
829828
863726
866081
870769
905710
907779
921452
949554
949909
96209
97433
981874
1010325
1269169
1311565
1336949
1390202
196739
20408
33944
341720
4805
521622
72467
789070
888994
1000144
1010338
1014683
1020866
1034416
1048963
1098211
110216
113247
113512
1142938
114617
1146517
117264
1181894
1188116
1194945
1224332
1233018
1233401
1247631
126807
1285707
1287267
1307455
1316600
134033
1340407
1358900
1365941
1376299
138272
1385650
141861
1420131
159740
163374
199182
215896
220386
240574
246565
26467
265567
288469
289317
311285
331898
353817
35803
375487
393773
406420
410898
419679
442741
444725
512855
521956
525448
526891
534402
560759
572263
579103
659038
669434
709695
711975
724663
728739
741311
742691
751003
75739
790605
792600
802954
807263
808736
810365
812545
830142
863394
870316
876364
886396
89191
898348
918530
946371
979246
990942
993061
1046474
1179200
1195704
1199931
1293619
1326481
1330363
1388058
172381
284698
371090
372465
71035
727100
781318
828000
844408
992076
992876
1043956
1044725
1060662
106809
1077406
1077914
1092579
1104048
1122235
1131401
1141998
1184936
1187779
1189504
1221514
1230038
1277711
12888
1344035
1351557
1359770
1366203
1371074
1376697
1393646
1409887
1417577
1419582
1432229
1435809
149129
149580
150252
150678
162100
167117
175826
177527
180710
188164
190588
200132
211469
255697
264882
266983
270533
276904
281186
283529
288470
289219
303120
30775
314582
358704
368552
370831
386125
386656
386964
389022
391210
406044
416779
436354
442327
453235
454245
499623
51511
517821
521714
524049
524280
535895
56014
567814
586709
587074
602315
603620
620101
625846
648187
661448
674979
690182
690799
692934
69337
693407
694350
707219
711030
715305
72402
736332
736665
743648
746726
752396
760441
772727
776211
777817
795976
805392
805658
821558
823048
839473
857614
859604
86149
868419
89427
89734
901133
912158
918925
940045
955397
971674
1044747
1108873
1161690
1259580
1362036
1437010
1441772
238714
267931
274651
322442
417712
571274
598537
640809
721254
838300
944130
955430
1025259
1033298
1042044
1046305
105600
1057533
1060665
1069856
1082416
1082738
1083747
1084117
110197
1102516
1109276
1121208
1132821
114844
116755
1181363
1185302
1185784
1189590
1191025
1217554
1243671
1253741
1273257
1303561
130812
1310140
1319996
1339148
1367677
1368058
1376781
1398705
1398964
1420392
1420649
1429552
1436115
145175
145221
147215
183660
184603
189418
220618
226411
230850
233744
234080
245025
273106
296783
311536
317545
324362
333541
342496
346275
351304
361253
363566
38124
398813
403175
412223
416744
425115
459398
460692
480504
484347
506772
50742
510889
512632
516290
532670
545268
545597
560532
562760
56636
581118
59037
595266
603264
61362
633680
657011
658712
671045
679984
689815
699563
702194
718837
732911
733061
7589
778094
807934
828840
836775
838907
844287
856596
866492
867455
886983
897017
904287
933819
936208
939212
944893
967631
1058619
1069398
1114077
1140763
1155268
121723
1344896
1345556
1419460
1439027
179984
186519
256465
293276
323538
39416
399452
500992
521515
578787
625908
666320
707289
726654
93390
988591
1000425
1003063
1006704
1008044
1016951
1031269
1033425
104985
1054108
1084183
1159603
1176948
1194749
1215802
1226987
1239105
1240534
1284991
1286753
128909
131518
1326478
1328352
1330407
133055
1337239
1363602
1389730
1403261
1409773
1410292
1410536
1427619
155035
159318
19788
201462
222238
231484
264200
277144
282416
296225
317841
340962
367435
373719
376481
415772
420592
474745
482507
510872
522384
527634
562984
641351
675717
705998
732582
741367
750962
778683
786275
812885
822457
826821
838916
843618
855855
86831
897812
928942
934855
940239
942899
947237
947370
954011
956663
971754
974305
1219651
1291275
1358778
255330
274550
403329
416877
503271
563335
572279
707007
807687
849656
869747
906554
964576
1010471
1066475
1068483
1093377
1139222
1194523
1233316
1233758
1241762
1264259
1306242
1338133
1353969
1354150
1368589
1378918
1382599
1390034
1390538
1406629
1428164
15833
159917
161316
162860
167387
173824
187354
281720
300856
312478
316586
330048
342927
351378
36398
38848
399074
414409
473945
504289
505266
568982
621572
700181
700468
719557
725558
738101
753000
772262
797324
842310
90299
1067987
1068654
1126679
1216085
1270711
1291313
1411770
177929
183084
264031
281215
358726
387093
391466
555584
684905
68658
699129
717094
877920
911374
931831
1019495
1039658
1048532
1052593
1072684
107963
110113
1110560
1131341
1133510
1141217
1150297
1181868
1206535
1210662
1212925
1213262
1219260
122834
1233217
1248354
1258278
1262486
1266204
1267306
1276507
1328419
1329673
1345922
1346275
1352113
135349
136182
1370794
137247
1374213
1398337
1432063
158700
168238
17182
17900
201909
203582
208784
250418
254552
274291
295198
297346
312106
326200
341312
342606
380147
404060
456421
476352
499542
529702
530881
548513
602212
604968
605627
618922
621041
628421
64101
649913
653893
719540
744144
74903
778225
784834
794886
805036
809957
822690
823941
823999
905183
919397
946009
952959
975326
985961
104118
1046780
1112671
134749
1380799
1392744
1399968
1436411
205067
243270
285096
302924
307749
391019
496337
548156
570767
602387
696825
76169
778786
836318
866375
886722
958522
1005283
1026344
10449
1046638
1071311
1072060
1139918
1143161
1170208
1183461
1198897
1200593
1202692
1203374
1218974
1222193
1239582
1241918
1245878
1247399
1249674
1258147
1258593
1265379
1271013
1275897
1284714
129496
1303534
1306792
1338544
1349172
1350571
1372767
1375655
137623
1378609
1383013
1386968
1398997
1409554
141221
1429087
161739
162632
167781
200466
204552
212081
294220
315433
320533
324321
332177
351349
356979
369707
374221
374856
380545
40303
403974
43317
43904
439504
445031
449867
451885
455261
457481
46039
462737
495383
497609
502826
505195
515834
526218
528822
556842
557119
592709
604096
605055
630828
659799
664590
698739
728051
729191
801394
80149
824567
826746
828606
831047
83579
83933
841341
858906
860999
865338
886706
906684
910339
914139
933583
953261
992087
1054223
1075253
1326260
1362344
1370732
319572
345853
393586
43045
518860
519889
524787
60217
654518
719305
762938
814210
1009274
1021981
1024982
102621
1054136
1069747
1092527
1142983
1144966
1145716
1151282
1151845
1153992
1158275
1163316
1194439
1204480
1212969
1221823
1225765
1228059
1233698
1235408
1249302
1260306
1269394
1275574
1323
1327975
132941
1337770
1354020
1364176
1381574
1420374
155574
169608
178395
178967
198816
20834
215210
21936
237000
243570
249796
257382
261457
330928
350660
384680
38996
399954
425008
430389
461317
462564
490851
511032
545162
575650
588924
602897
651282
664267
694501
703272
725190
758273
764196
779936
796663
79673
808719
818077
826963
827223
828830
829709
849133
877744
881228
886178
905737
918537
921678
957165
957166
960619
966528
967159
979241
988207
988639
993681
1012524
102391
102797
1044675
1062692
107599
109357
1287625
1350394
1375348
1383196
1435112
14651
166037
202248
218756
219487
228529
234347
237998
265214
275170
279786
284991
29288
316181
330738
332059
346547
380044
473152
547408
55189
662613
679499
701609
725155
77299
908067
178323
554302
907770
399170
123642
1310206
33421
771385
798254
110012
867403
882278
1085722
958152
156997
437366
512093
836881
905188
128566
517678
647760
110237
1396254
270360
361934
374254
713098
828967
854815
862005
966245
991270
1008118
103176
1099912
1099956
1113920
1127265
115782
1175408
1185716
1332991
1337437
134011
1356669
1374558
1402832
143916
151059
152286
158540
173470
190204
197064
198417
235495
24486
271744
28438
312040
32260
326150
332105
370845
388259
410273
42791
428364
430384
43420
483778
491167
510793
55106
555480
591774
622104
634841
702206
70558
724102
7424
744412
756375
7571
807818
820899
836379
83830
840278
841311
841837
842282
860876
864067
891772
940900
959210
991478
991763
997239
100455
1008289
101759
1122509
119490
1367028
1376044
140740
1425053
1429138
244881
31243
337699
422722
47184
530478
584764
63631
652898
656588
76363
78275
937147
102498
102687
103822
10581
11075
113859
115790
11805
1190150
120006
1202669
1209277
121003
12521
127331
1279809
1280525
1281095
129192
1300383
1335272
1336088
1352369
1365841
1379294
1395331
1396782
1398411
139897
1410368
1410667
1432319
154437
166410
166762
22332
25370
29848
34614
35722
362675
374851
380553
423190
43421
47420
483124
503092
520538
546830
58037
581787
591003
59102
596297
610872
6327
65408
68220
70608
719005
725737
748475
85093
86541
902228
917849
92321
92871
98916
1021384
1048666
1049043
1075783
1110363
1141958
1224041
12600
128645
1312830
1358663
1375070
1395657
1398234
1407680
1411063
1434802
160481
162436
17034
184183
190930
197365
214565
226930
228343
286777
295263
307558
317696
33633
350935
362869
36441
412123
41551
41744
422140
46962
474360
47574
53141
533192
542236
55710
559229
577157
609796
719029
723205
72744
742851
74497
78711
817206
817599
850596
868713
870253
95976
95989
98619
9905
1008190
1012350
101479
101959
102697
1032889
1038332
104696
1047157
1048791
104959
1051613
105654
106282
1066795
1068669
1072520
1082713
1088745
110661
1110291
1111075
113070
1131369
114140
1142110
1150554
115440
1187297
1193025
119646
119975
1207322
1227537
1234521
1237366
1247463
1248113
1261517
1266192
1266257
1267193
127
1270518
1274998
1284236
1292227
1303393
1316910
1319685
1332935
1333037
1336962
1338737
1346878
1352139
1353450
1353984
1360410
1374644
137665
138058
1380911
1382637
138479
1390910
1393957
1394507
139560
1396653
1407332
140958
1410787
1421417
1426529
1434088
1437407
1438659
1439108
1443979
158957
162596
163093
165914
166948
169691
174783
17584
1793
179471
184523
18719
190258
196420
204382
21093
227184
235385
253787
258569
26462
267275
270913
27392
292214
295283
298114
305366
310708
32388
32827
332187
335626
341283
343227
352245
3673
368403
375424
398578
400812
408658
420102
422741
427541
431115
435574
438712
440339
440752
444096
454145
486719
496
50205
502318
503107
509222
52665
542806
548707
553343
554034
55711
56635
573309
575220
592309
595477
60535
605821
609107
612132
617884
627023
636583
638346
64409
644996
663219
671964
675427
676368
676760
68132
682720
6849
716648
718054
718795
722869
729476
734990
743303
743933
752390
763985
77707
779332
77945
78846
791804
80301
807924
808803
810650
815205
818229
82054
839924
84729
847353
851411
853616
856549
863656
866096
866849
869169
871608
872839
883840
885758
887665
906424
909567
9233
93219
933472
941342
942021
946294
953335
95792
962133
968427
982680
99080
1047117
1081927
124718
1417109
180711
361182
54685
863520
1024350
1036113
1042320
1046365
1075025
1085511
1108410
1137952
114742
1152859
1154950
1164557
1169429
1173352
1192503
1210723
1216776
124909
1254151
1292185
1300391
1306943
134369
1344743
1344760
135068
1369210
1369992
1378428
1379995
1393910
139728
1407425
1411414
1429108
1437818
1441387
170365
195467
247715
250333
264917
30594
316402
375432
377485
382021
391755
396402
444813
481140
509188
574297
577038
595535
603948
621261
635209
674205
684201
68855
717301
719194
720839
761973
772090
777684
800139
818314
823969
824741
844461
844907
899779
919570
941485
990858
992741
1102962
1147689
1186727
1253145
1307403
1308046
1317414
1325110
1330957
137805
1412148
1425174
1432564
143347
1439002
145409
15960
167920
245838
247218
251712
265743
269609
276013
296935
299894
308631
310495
420700
46213
46410
491323
50338
632158
684153
71850
737438
753743
762148
787210
793442
803598
810640
821544
826304
846430
857880
876481
92262
958611
974648
98951
117959
122518
1234847
1259033
200478
24308
771721
816491
1013080
103208
1044338
104812
106243
1070574
108049
1084563
113677
115074
1152652
117742
1186079
118929
121519
1227858
1312141
1338256
1373895
1382054
1388610
1388750
140399
1405815
1436287
151580
154483
159900
160413
183617
192830
198411
204461
23022
25668
283230
37129
379552
41521
59624
61091
63324
64279
658462
673906
694522
700935
703694
70998
745701
751976
77008
771719
774629
778603
823472
862232
888082
892458
93735
970254
98112
987895
1211748
1392739
26753
42646
436282
460
57101
581409
696650
768614
794497
1002213
1004370
1006590
1033409
1070722
1073553
1075584
1075735
109537
1107498
1122100
1127055
1133898
1137012
114652
1152746
1177526
1186585
1191403
1196783
1201359
1208032
1250130
1253189
1263437
1328576
133311
1336942
1390099
1394823
1396630
1404000
1410219
141611
201564
231864
24022
248244
285051
285474
321967
326603
347132
357323
378610
39372
439936
455139
4629
515075
523828
54372
558897
593520
654756
663391
690545
720401
720635
759725
763205
80087
804659
821122
844753
851406
861905
878921
886648
891093
899598
952396
97762
988239
1043490
1130487
1162718
117782
1250583
1251885
1263847
1332043
1346930
167317
196628
23147
300157
303327
400913
442471
576605
707580
737370
850716
89679
927032
967469
991906
1016482
1018477
1030306
1034333
1062075
107814
1088235
109239
1096760
11149
1140493
117603
1187284
1190921
1206449
1230152
1234025
1234768
1234774
1237795
1240228
1241920
1290275
1303791
132962
1337361
1339676
1345168
1349904
1355487
1355735
1374163
1374886
1377458
1386117
1397820
1404585
1406061
140935
142045
1425163
1426672
1428385
157784
159660
178803
194995
199059
20553
226353
227418
231760
237318
280332
295256
295465
312359
318163
328014
337185
387309
389024
397875
402477
436529
469371
532304
549006
557076
614329
623817
631273
633711
676216
694436
702885
703432
743156
746245
747874
76500
783084
808981
80974
817672
823489
841605
857259
865297
877187
878126
887801
935333
940696
952534
961406
976251
978378
989269
995600
996891
1120906
1375619
1428399
1443018
306243
395316
53140
581813
605718
645972
70855
1005442
1032542
1042538
1043652
1084724
1111458
116775
11732
1193722
1237337
1251922
1258673
1292075
1344524
1346875
1367629
1371292
141867
144436
150286
17031
209718
228539
264630
276697
280970
300393
306990
365310
371503
372328
391124
408080
418787
467561
4811
515810
625185
634411
677122
697845
705355
726979
732612
746773
807246
810587
813216
823785
834973
889489
901447
923259
1244132
1253954
127063
1334279
1368920
1395271
272708
285800
94479
969664
1005137
1025241
1046212
1063771
1074006
1075756
1096550
1145505
1157741
1162486
1186628
1191960
1201639
1214443
1219937
1279039
128958
1324128
1335080
1344604
1359297
1409522
149967
150944
155191
186850
19821
216468
231466
244983
274709
2862
374410
382647
392129
399723
412263
42523
477161
502061
509125
51310
514048
520013
520357
57886
590648
619358
628329
633682
670288
709113
720496
725519
758786
852199
962210
98025
1235277
133121
134052
28199
31581
5767
677221
840601
858127
877597
937663
947424
986121
1006221
1019255
1041121
1048845
1108344
1115262
1118824
1147301
1162527
1190153
1215392
124469
1302144
1344212
1370560
1380865
1392796
1417201
146704
149040
199195
206539
209800
210119
211069
251283
257968
265395
269570
288841
32836
356144
424906
42862
439501
470984
486833
50043
511550
533222
548804
597671
600336
600453
653864
654775
661356
677349
683131
722101
731421
786974
800954
810680
858503
88956
900468
1021930
1085665
1113048
1215583
1285201
131174
220087
235564
247083
264295
563476
601762
670083
725705
802308
826038
869621
914045
931689
1013372
1016627
1062515
1078272
1103255
1108676
1146676
1168005
1199441
120111
1209741
1264161
1279262
129627
1316920
1326426
1327994
1335244
1335690
1341316
135330
136533
1380768
1390535
1394882
1408238
1410974
141787
146321
146593
162961
171114
174097
218129
21857
221570
245445
253516
25816
258556
260255
267795
276528
281582
293749
296982
312614
323566
34426
371482
372837
384093
389676
442714
471231
5001
51589
527138
528588
561238
57787
581604
588226
591655
600372
605116
618426
623988
631730
634906
635461
645774
6650
694824
721422
725639
750438
751076
7577
789621
790824
796316
799736
809214
818775
819936
828127
831288
837985
856643
859235
873440
873563
877194
89380
902829
91985
924959
939130
942147
969165
972685
974399
975208
1091819
1146285
1247740
1261193
127687
1363856
1410735
1438100
144094
15197
161530
172853
32261
352307
40120
43081
440035
709145
717653
720440
760395
818732
844277
890173
910784
939754
1007787
1009848
1014375
1023387
1032596
1037354
1047527
1057998
1069830
1070266
1070641
1083626
1105368
1122863
1138165
1142407
1145396
1204429
1210232
1251659
1268249
1278225
1280317
1292805
1301258
1344180
135263
136377
1374522
1377508
1388403
1390501
1404068
1419921
1421436
1436795
187518
190593
198513
205677
240058
262728
307191
321028
374565
40225
40582
407830
408594
420867
465551
470418
473203
494900
498146
510930
527517
529030
535334
564310
574188
582807
593347
594979
608582
628045
653176
659182
697398
753294
756139
777188
784331
795907
807629
824576
830680
917753
940754
1191167
1361317
1388523
1406235
18514
241449
266492
267832
297316
302221
364261
392893
545492
573188
642662
653722
660220
735314
771815
987157
1027217
1042372
1043280
104679
1047608
1057308
1065178
108002
1080358
1084706
1092051
109846
1108392
1124122
1132922
1135356
1157572
1210956
1223494
1248405
1288861
1319693
1340386
1367120
1373055
1374080
1374545
1375847
1378953
1393431
1393663
1399291
1408297
140937
1409687
1416387
1425096
148597
149499
151476
158195
170710
180076
183930
191848
192900
207192
211044
251101
273079
282779
294197
303247
30868
378473
407919
460188
46488
473916
483289
528411
534330
55089
557891
599244
647169
65377
671072
681075
683092
716784
720112
725955
738802
763853
768233
791350
821607
859934
871270
904782
941029
968347
969314
1074566
1154146
1222338
1234658
12743
1309216
192620
312165
34465
411574
526619
549585
563573
1020023
1029867
1030438
1035267
1054617
1067214
1069215
109070
1103238
1103304
1126453
1171346
1191990
119776
1265658
1284767
1295728
1311722
1315843
1340128
136280
136691
1369055
1377426
1392597
1398679
1413771
142746
1433561
143706
154292
158384
162254
175319
188937
191080
195096
204986
20801
210939
256163
27033
286121
29093
341089
366343
371727
373922
416624
427195
456026
511202
522432
535308
538589
621856
625312
64302
648976
70281
717016
720511
720978
745453
748106
750074
784285
80086
812411
81651
827374
853402
897869
903039
9170
924395
957404
972701
986935
990657
1295692
1349989
1390147
142706
210117
21015
361335
364938
413463
569933
62994
662704
897545
931255
1006259
1019671
1028428
1032663
1051471
107000
1105023
1106517
1142159
1142440
1169175
1196820
1202072
125603
1260991
1275203
1337412
1344731
1352837
1353763
1389679
1410201
1443215
145405
14660
151416
171156
177611
180756
191933
192034
198004
21465
220572
227430
274625
329453
335367
35194
389021
406022
422384
429827
43933
452353
477297
48187
508931
525458
551000
555235
591173
596742
60026
60483
685557
703556
724157
733874
755876
768682
790962
840692
858002
867177
874548
878201
913604
916539
944322
956601
97084
982259
1057217
106408
1275231
1287950
1345963
1381150
1402699
235476
285838
314267
428206
453577
49548
701652
764554
946752
94816
986169
999841
101244
102626
1056048
105948
107546
1107230
1111456
1120125
1158080
116165
1175941
1190296
1191340
1199125
1231959
1237388
1255940
126163
1266852
1288513
1307704
1339260
1358553
1363591
136705
137772
1390959
1395921
1436840
156504
16237
186638
187535
1941
216572
24374
259249
271028
271624
308550
326917
337664
413107
416121
429894
447847
456623
489902
543191
55066
593965
594754
615145
622223
654300
701070
706571
72721
74059
771595
790025
791010
828510
829501
83371
840711
850472
865538
909563
923260
931221
957970
963228
96541
968113
969454
979480
992754
1238026
1265431
1320960
1332615
173674
17399
316001
49675
65721
66409
759393
776793
791072
867535
921571
1016976
1058104
1071538
1079097
1084874
1085429
1092535
1093542
1093705
1134090
1141006
1143056
1152095
116108
116486
1166760
1225687
1252640
1261553
1265138
1279492
1292206
1322693
1327861
1335791
1336892
133733
1338778
133994
137591
1377301
1383054
1383256
142962
1436892
143772
146709
148539
150298
165642
166636
166857
175164
177909
187039
206154
21784
258577
265650
267830
268376
31206
313415
32748
33443
337304
358156
383197
444391
444448
461484
470791
483287
516800
55043
563605
571559
604401
616232
63278
663854
676859
697418
724651
788271
788881
82696
866843
911800
916693
922165
943981
95914
973152
97425
1052259
1318413
1332196
1435402
148594
185791
326598
394586
405787
480040
49561
602936
807364
868873
1084106
114579
1154819
1192921
1193100
1215199
1284027
130898
1312646
132975
1350486
1351592
1360217
138468
1387116
1393532
1410931
1416153
1418034
143116
147276
147525
151109
167569
168494
168891
191940
198903
204447
266234
277010
285379
330810
345982
34999
383279
395480
396466
406914
444975
457551
459588
479312
491277
491725
505358
506201
523284
526841
582355
627777
630979
637486
648023
65700
693845
726815
825419
866343
867915
888497
938707
972629
99141
1296907
135043
151799
152299
17046
176931
271598
3747
417256
46585
513632
5344
551310
609235
700414
739589
763469
779248
823808
842234
930666
958132
1000284
1011710
1092313
1096509
1102804
110366
1124967
1167090
1175698
1180788
1194407
1206740
1212531
1231004
131015
1350304
1354192
1372317
160579
168865
185227
219618
293982
303853
324726
342318
444134
47583
50278
545261
547735
549122
550669
553492
592491
597290
67719
737185
7780
789147
798750
820336
85871
876473
881928
942361
942444
961771
1035
10466
1225552
1324603
1339269
25794
418514
44166
481527
499132
535746
53865
726327
798205
824100
884532
902448
919604
1049478
105214
1082469
111773
1129609
1153179
1163443
117198
1176013
1235311
1267063
1274512
132185
1326997
1337546
1355707
1357116
1367471
1368718
1375027
1388568
1413672
143099
1442550
146871
170228
188943
230326
248857
254553
267780
281562
284637
355577
386861
417884
45756
490930
503138
52192
548045
555115
562368
58088
603120
612165
631952
631974
652654
773670
783587
803782
810667
827385
827959
856331
865888
891700
901332
905912
907436
917430
937887
9476
960442
1034809
1170133
120036
124708
1283463
1285690
1293873
1337678
1361109
141943
143199
250070
322378
351207
413543
427006
461160
478574
708949
720579
850039
906433
974095
509340
784644
354176
546714
787745
115551
953099
223674
949061
318791
160156
702141
65307
1370624
1132630
740821
1333521
348781
189986
80318
266579
1354331
264718
130450
1291749
166651
1359476
723770
378044
480236
1183147
375283
295193
266202
414314
1128941
1193879
386840
8107
1010668
1055315
1162242
1029861
571158
588788
47016
1009711
617261
82282
1188394
653412
390764
935327
887575
158584
483336
734671
865589
1142015
1261361
1439697
1123333
217428
203930
124382
570241
543003
1036875
672844
631561
919441
107837
1312287
559474
811941
339253
709490
286479
1182641
790674
1330438
1251900
167401
1144420
359415
1155871
762869
313982
308690
1292205
291135
489755
481454
1303803
608141
703371
410250
1276635
894435
935447
808273
1065596
689304
921986
877601
1393791
729890
259690
1438477
1040042
65359
779299
1014684
1247901
1172820
626390
295950
718613
1227797
1070499
817638
262922
57585
1110986
197198
8524
53567
437116
943493
1373700
911114
491030
383204
842231
235506
130826
1094852
1375962
371600
589364
1328519
268080
469857
1032572
1032604
1063524
1074763
1081265
116650
1172859
1222168
1226808
1236745
1253762
1266982
130295
133991
135350
1378927
1403362
1405310
1411049
147298
172635
18040
225906
23981
267958
306804
307184
343232
380468
387043
391149
39702
42417
435320
444169
470611
499798
514546
597480
629245
629588
656509
689990
699244
707305
711767
72644
750522
803443
803760
816114
887585
900276
907875
925778
932949
939335
954196
96524
99783
1001292
1002410
1008689
1021627
1060174
1060232
106917
1071333
1075441
1077796
1078977
1087390
1090865
1101060
1127122
1161808
1167871
1187027
1191255
1200528
1209761
1230563
1249278
1254437
1260988
1306302
1360918
1362164
1363541
1377799
1389707
1396450
1402783
1413549
1431733
14340
168852
174639
19832
209195
212298
255993
279137
294786
331047
346391
354515
381664
409638
419523
422345
428777
43584
447912
488222
488966
509652
543099
565434
63636
641098
652732
678038
687030
690606
709549
711523
741652
773961
781184
785335
798100
808817
810152
819599
824962
844225
846402
857501
877156
878297
87939
905581
905663
929190
939605
93987
960548
972351
10247
1373851
1417666
175987
22710
240928
241169
321909
343282
708653
765412
769005
782411
887176
990716
101071
1018947
1048138
1058555
1065191
1091228
1099237
1110803
1133888
1189639
1206965
1230810
1258472
1264151
1289640
1294315
1301679
1327766
1329074
1334149
1339451
1354427
135563
1365369
1394424
1398335
1408168
1414230
1438926
1442594
175915
193614
21211
235750
235921
242784
273813
287833
358494
371972
378705
387175
455466
46542
475845
47735
498527
5021
508990
521450
559892
610278
615191
628422
633176
63909
658076
663510
737535
76967
773488
792199
795669
81444
825701
829697
839675
841621
854561
865403
878760
1136667
1308723
1332490
157080
276766
318995
410531
721054
752724
787211
79481
1019540
1034620
1054002
1094477
11199
1157981
1199331
1232907
1258806
132154
1352407
1357727
136319
1379660
1408616
159916
194296
206662
206764
217597
251413
269602
324467
386645
432043
446341
455286
4769
514112
528477
604062
606056
650547
769153
826061
837909
86024
874729
956615
957971
991848
233617
267748
408938
46333
660490
676938
7166
958143
95928
1045237
1054859
106384
1071220
1074803
1081212
1100887
1144197
1221145
122616
1233267
1241644
124443
1285024
1287520
1308963
1311352
1312909
1324365
1337603
1351860
1380762
1433440
152756
167679
169222
190799
238735
256272
274976
277354
290940
343136
347246
348998
394880
40023
496259
506295
536
540958
5765
581763
593047
607476
651236
655770
662836
68318
6884
689697
694652
718704
765221
801655
807413
855020
88127
910617
92207
934524
98327
99629
115535
124343
1324758
135081
1383059
17418
243423
274792
312248
347008
349242
454812
491812
499389
531797
653293
653398
68470
71548
832974
838643
89796
902821
964156
971533
101789
1029578
1035134
1035468
1047282
1057082
1063428
1066210
1069122
1074885
107637
109251
1098620
110860
1138178
114014
1140419
1145353
1150227
1152883
1158882
117816
1180165
1183149
1189410
1193728
1197802
120097
1207087
1227510
1234795
1239957
1257044
1275427
1275491
1282506
1291882
1305820
1309734
1311583
1333052
1333249
1340198
135063
1352796
1354222
1372072
138328
1386526
1389922
140014
1408961
1415276
147508
149748
151019
153119
160516
160673
165720
172761
182599
185576
186316
190596
197066
204330
21378
224960
22658
236432
241225
244594
250938
26242
264051
281392
281405
281741
286191
29462
295627
297449
306100
313191
313790
314300
317016
341100
34541
364119
366692
366909
379984
381465
392670
396603
408294
408330
42575
42962
440208
455567
456216
470332
495553
497199
498974
499947
50474
513130
525062
541573
60088
60964
611031
619901
620218
622523
637409
660179
669603
684430
686857
699661
708943
710517
733199
741161
746495
750676
757483
759124
759272
760606
7624
762432
768396
782536
790026
800239
818222
8260
826293
830797
837002
869969
875620
88838
891955
89247
904365
905452
912682
917980
918523
922515
944899
946653
947598
957389
958312
962093
967766
969261
974235
982389
1063372
109699
1210716
1260977
1277857
1295757
1308192
1311581
27787
28654
829623
852205
893455
950046
99341
1005141
1008304
1011894
1015127
1022037
1027509
1036373
1038260
1050001
1051243
10565
1068841
1075036
1082697
1093926
111288
1133930
1151125
1168095
1169893
1186569
1186835
119515
1242217
1253151
1275160
1275348
1285002
131041
1332574
1337647
1358884
1398372
140216
1412270
1415870
1417244
145034
155011
162391
179780
190213
227438
227651
240578
261142
272571
307201
307399
330622
341135
342702
354116
356025
375957
390956
406714
440518
466966
475408
489447
493547
494895
501218
507075
520410
530316
545052
565203
572087
582108
584352
626220
631565
651306
674218
694209
700461
707399
744917
790910
79160
791923
805255
821638
858038
859771
861642
906024
915213
916627
932415
947772
953765
954029
956322
956599
96234
971977
982157
991283
1044039
1144110
12792
1307238
1355536
1369215
1375886
1394089
1400266
188156
448399
456396
691757
867418
935743
936639
956508
958676
1011328
101287
1013265
1028685
1034500
1034919
1037440
1044694
1060610
1064022
1080403
1082032
1087813
1090959
1107904
1120620
1122078
1136864
1144578
1162093
116443
1180980
1183374
1223112
12235
1257969
1262910
1275899
1303674
1306035
1312322
1338359
1351403
1364470
1371338
1390609
151172
161649
16362
187257
195167
202486
216488
216595
231942
236747
237951
245950
248592
257897
258586
263875
268473
27645
30362
320656
331438
388788
417901
445060
459934
473449
569124
582772
585084
595778
621443
627212
642778
648896
650517
650782
668152
703749
704576
719505
72183
760257
765227
778599
787791
799328
807661
816929
817078
826117
82929
858178
866381
867078
899107
899782
919083
966662
967506
989004
990647
11076
125686
129800
14021
1413622
1442884
188448
296514
322304
339699
378485
418682
476632
529004
574273
608318
615396
704434
750713
815143
852223
859171
905236
927285
940807
943969
990633
1018329
1027970
1030522
1034708
10414
104695
1055541
1060974
1091457
1095728
1097540
1098342
1113451
111833
1143952
115939
1186833
1192155
1200350
1225544
1226910
1236
1238301
1248786
1249003
1257933
1260483
1267536
1278752
1280018
1282930
1301294
1311618
1372297
1377486
1380484
1380968
1405521
14064
1407580
1416616
1418372
149573
162152
178987
201324
252592
263915
269358
270118
273466
283103
289830
306073
3085
318711
326553
335567
343296
347191
351759
354672
371638
386129
39185
392440
397524
408406
419562
427378
447627
45488
475381
493448
497046
500507
505216
54978
55095
551301
583613
59424
599618
602526
607852
608322
614028
624790
633071
644758
650665
651397
674422
678884
682616
697186
70917
728477
741792
745445
756004
77088
781987
788297
791407
798012
830626
832639
840395
841308
853458
857345
862835
866391
868907
871658
872909
884904
886224
899073
91898
924473
947162
958099
984592
988681
992386
1358842
299296
566246
63580
700258
813469
1058241
1142619
1162156
1193865
1199756
123446
125053
1336893
1368867
1388899
1389094
1417791
159778
166064
174557
200740
226912
227264
282076
288504
299559
349621
386311
420429
421458
423387
477397
484182
496974
513819
59677
633275
657192
66277
747400
808887
824135
827890
886788
892448
901893
96098
979220
992013
59499
836966
1012844
1015973
1070591
1093774
1167981
1206778
1282109
135107
1352772
1363905
137917
1406577
146168
154357
186104
263562
43667
51646
627271
691248
724764
743813
757310
8362
865140
92624
956586
1192165
1380347
195578
271002
510652
641429
663530
957730
1011233
1023974
1030842
1036925
1087972
1088719
1125453
114523
1153147
117686
1189612
1195449
1210701
1229587
123576
123590
1247035
1255902
1290239
1297436
1314782
1340598
1360105
1374891
1378036
1380863
1381024
1395780
1439132
146030
161718
205908
222143
256872
260674
271829
279379
281509
285144
294098
330801
356365
360240
365374
375381
380832
381691
412880
412913
417541
422763
430997
440826
453866
480460
484361
510126
517361
631910
640040
688915
694568
704679
715508
719224
732535
733862
74701
7773
780258
783074
787892
788353
791545
807654
840206
884201
884329
894312
914484
92876
932962
940072
960729
980079
1000366
100481
1028402
1030753
1033610
1051225
1056832
105966
1062111
106298
1080990
1083329
1107344
1112067
1122421
1122655
1123639
1124070
1141271
1146103
1177939
1194486
121468
1216009
122098
1221843
1225845
1231204
1234474
1267531
1272989
1279449
1329994
1337162
1340382
1351447
1359150
1381367
1382617
1390395
1398183
1405469
1415598
1428429
1430361
1431882
159347
168418
170652
179983
190678
192980
2100
21574
22392
22556
22573
233930
239285
254659
256710
264958
266525
273677
313761
3149
3156
317530
321356
321938
331374
356699
361772
374207
377844
384099
412986
423090
429002
432348
432493
435692
444126
45201
45381
460326
464054
467682
4689
480366
491977
501416
531658
547047
555202
555939
561970
57217
635732
639475
64254
643639
644139
647738
651650
657138
662100
669647
676541
677652
678816
683005
68770
69011
701068
707374
729813
731547
742286
747399
778953
796135
814013
818820
824789
826086
826545
831236
837686
838575
844051
85118
865973
877056
88451
88554
890714
904939
909891
910456
912508
92755
93003
954156
966611
96963
981704
989047
992944
1024533
102920
1054076
1061029
1071131
1109044
119510
1241910
1267695
133533
1362467
1371013
1430440
165776
204240
232094
236802
281426
314048
372252
4101
459800
526904
600808
613556
838091
878048
908263
929345
986650
1033645
1033834
1045665
1063010
1066026
1068445
1074128
1074699
1075689
1078891
1080153
1080510
1084575
1084970
1096457
1106275
1106819
1122189
1122563
1123262
1131229
1135347
1138444
1151502
1172035
117952
1179878
1184
1190050
1196436
1199255
1202142
1221225
1222348
1235015
1238368
1239092
1239945
1253559
1263323
1269009
127302
1275254
1285505
130336
1324815
1329853
1338666
1341430
1344033
1344908
1345345
1354061
135456
135493
1374071
1374201
1375312
1379951
139062
1398567
1401635
1407605
140857
1415218
141865
1433361
183237
188861
18925
194368
246800
253138
258558
271962
274074
275600
278645
27967
284144
286729
290180
290216
294526
295004
298968
30050
325341
328965
330047
337095
338504
340500
343259
345464
348414
366718
370406
371182
375217
377736
379653
383972
398534
406929
410720
417021
422837
428736
429889
430437
438992
442721
467707
481549
481912
49359
498457
500046
517033
51893
526773
56050
563901
57065
57329
587299
593062
594939
60023
603234
604946
618590
644595
646833
652693
669970
6720
680260
680636
68322
691813
697335
709292
716324
716760
721312
722874
725663
728424
730840
73254
733767
7431
779637
786267
788611
790893
791875
793101
796294
797246
803129
80449
809211
818005
823924
838235
848118
851243
851600
852477
855405
862815
865153
870035
875014
878143
88059
887184
887776
906389
914893
926322
927164
931926
938124
954018
96251
972484
98352
992025
1115584
158630
197456
206683
639049
755366
856660
1008178
106496
120429
121320
12549
1353846
136373
137960
1408126
143060
145411
236089
251460
260781
26507
268077
320011
341919
359311
371602
374528
391801
425030
428927
429939
539864
542826
549840
607322
61446
645046
687171
694410
700234
719411
7653
79963
8000
818741
85054
906510
94620
979949
109925
111001
114387
1182358
124549
1339379
1379723
1427324
161506
168065
312720
343723
374734
384948
395680
463726
500861
557749
590057
591
689275
722527
723954
75103
76623
771821
786665
791435
810096
828325
832970
837187
841327
85061
855221
875748
878447
886878
888152
931990
93448
958150
960040
981964
991432
1010073
1018534
1025795
1028818
1033209
1035469
1066646
1071510
1108243
1113344
1129361
1139363
1162781
1168714
1171321
1193361
1209127
121415
1214534
1229521
1236886
1280700
1286655
1287249
1333597
1337998
1352620
1392899
1396201
1403171
1429444
1435379
205649
209325
243143
254098
257760
267128
267321
268021
274357
285353
285401
288690
289023
299212
30563
319075
327969
336734
342986
343135
350228
367474
385993
405606
407661
411567
440543
440823
450273
450539
469428
470458
474269
505762
530772
560481
593915
63904
648469
696941
1000956
1010519
1011345
1030393
1032026
1064196
1083301
1086190
1086433
110457
1111302
1115705
1115974
1146917
1151128
1162817
1191656
1192174
1192890
1223504
1230239
123537
1237328
124183
1251171
1254043
1269445
1283702
1300879
1308617
1309784
1311552
131877
1322259
1332821
1334415
1335620
1337328
134442
1345152
1368832
1370018
1370418
1370830
1376986
1389011
142566
151026
153903
157837
162332
163930
165756
168026
172769
176959
179136
244377
279364
33280
345798
384220
826762
886252
962364
177832
180817
187513
190473
193361
196082
197214
200081
214607
226685
238251
241404
264968
272998
299005
299325
310985
310989
31462
318870
332678
334786
362255
378248
382307
382722
385423
390156
400023
402593
422362
445009
447517
498408
504712
520411
520508
531540
537163
539668
557856
568944
570396
628304
649130
669870
674990
675732
683849
685459
697556
704372
705209
741453
776544
790596
792302
796659
79807
807054
811104
817184
822440
827994
837629
841543
84175
845488
852145
858330
866484
887770
89551
897093
906659
917234
922971
949482
969991
1015822
110761
1121085
1153578
1185103
1219738
1370280
1410431
1417420
332279
513281
603549
614324
655494
829812
863497
923730
925191
98370
98785
1009428
1018812
1021719
1023324
1026309
1035294
1040919
1041970
1043931
1051545
1056355
1056393
1061050
1066869
1072888
1077777
1084290
1094140
1148581
1169710
1185483
1186950
1187143
1196004
1200884
1233024
1241164
1248745
1249075
1307657
1309557
1320478
1323614
1346189
1346675
1352551
136789
1368277
1375301
1375669
1375988
1376348
1377222
138405
1388297
1397062
1398145
1402968
1410535
1426831
143096
1435407
145961
163625
174209
182548
184026
18470
204433
215907
223515
238903
239311
244036
247977
253783
25381
261136
264217
266919
281406
294728
294820
29982
308844
322262
330371
337237
36693
377293
39254
39368
397374
407884
411716
442699
44949
455488
473185
484667
484760
490807
498120
499640
503619
504971
51948
525710
531653
548743
559763
562746
575787
578603
582911
597100
611206
628086
632211
641836
643663
663897
665087
665569
665718
671844
672343
678895
681272
694338
699354
709939
725089
726629
734891
743386
747876
749421
749774
760848
76731
770172
794472
796203
798163
802571
809371
816398
816636
821474
858490
867721
869395
882383
883651
886328
887676
895862
897987
904872
916905
928729
933349
934759
936873
957920
962797
966938
976059
990409
993210
1032791
103293
1090487
1155159
1249946
1261232
127844
132266
1381218
1388122
1407953
1412434
156112
321965
340089
346535
350992
45401
482572
506936
511020
5142
517218
52004
524564
525100
526074
531909
542247
560397
574980
588734
590225
592319
638396
645468
660451
662022
668382
673520
714129
717881
718597
725051
744125
744963
765421
767747
78972
790462
791801
802993
803635
80557
812737
817309
826923
836571
856878
858879
864629
888009
906491
90731
907850
908021
91225
913561
917127
921364
928378
930613
936415
94558
952528
95275
952840
99140
991438
1008506
1029845
1035356
103886
1060691
1077615
1079467
1089454
110799
1109463
1131150
114288
114916
1150986
1159877
1165159
116601
1194013
1213471
122354
1225276
125463
1267551
1278988
1284771
129249
1303520
1312572
1312722
1319437
1319610
132122
1328205
1354976
1355632
1357137
1366174
1367759
1381718
1383198
1389041
1394537
1397190
1410710
1412388
1425230
1443436
14579
157006
163961
171109
181954
192495
205987
210017
213108
228746
232725
26076
264559
264890
273276
300699
305090
30942
309984
311946
334147
357453
36037
368326
36969
370105
378761
427920
431746
436548
443193
453159
453870
467677
470362
472092
474498
1000858
100092
1002298
1005612
1011917
1013054
1013503
101360
1015910
1016839
102640
102836
103090
103150
1032042
1032106
1034155
1035630
1035944
103937
1040064
104101
1045608
104584
1053424
1056121
1056495
106193
106332
1067040
106860
1068910
1070207
1077144
1077684
108047
10833
108474
108497
1087700
108977
109214
1093367
10937
109389
109572
109836
1098899
1109229
110973
111011
1114297
111485
111616
111961
112347
1123579
1127506
1140514
1143676
1145284
1151122
1151157
115152
1155816
1162053
1163204
1164427
11708
1175989
117653
1178681
1187672
1223725
1224495
1226247
1232666
123458
123574
1240915
1241797
124547
1245824
124583
124744
124858
1261087
126301
1267438
1273245
12741
1275674
1275983
1276264
1280413
1293729
1303555
130414
1305985
1314838
131688
131727
131856
1321374
1328186
133071
1331258
134227
134292
1350709
135199
1353456
1354153
1357568
1361258
1363956
1369519
137179
1373993
1376287
1377696
138020
1380973
1390331
1398431
1403431
140378
140491
1410212
1410305
1410318
1410636
1414339
1418981
142268
1430942
1440349
159412
159474
159896
165442
166017
168421
171111
17129
174163
175189
178294
178810
178863
18009
181966
185513
186376
187056
189498
18982
189852
191168
191498
193628
193956
194770
195080
196142
196594
196702
197011
197692
199317
200110
200119
201546
202387
20689
219347
220004
222167
222713
225100
23065
23525
237277
245296
24814
2501
25122
252695
253064
260385
264326
269559
273216
274527
27497
27659
286588
28764
290808
29124
295962
299205
306325
307482
311465
33243
332439
342074
34290
347207
348499
349807
35590
357245
359097
35996
364788
368071
369386
373714
3746
377190
37778
380240
38211
3857
387661
389132
39868
40586
407029
409446
411679
412700
413451
416214
416669
42324
429157
442072
446856
448284
449601
452016
452918
455679
456907
458309
46357
472415
47356
478519
478957
4865
48735
49592
501926
505856
506639
511200
51661
519850
521380
524863
524934
525240
52879
531172
531590
5381
538465
54381
54578
547384
554099
554103
563322
574795
58120
586761
592594
593785
596101
599933
622564
629338
645652
657874
659603
661379
66870
668970
67440
684619
687157
68917
691453
702907
705648
723829
724792
726117
737160
737767
740884
744512
745065
745778
74762
74928
752368
752661
759379
763049
76601
767932
773392
779687
781046
786357
788198
7890
789376
790902
794937
796641
80046
800804
808750
814020
815969
818350
820201
823678
82401
825785
83138
833762
834514
838278
85071
86387
864366
866416
866944
867618
867621
869457
87132
871927
877676
883871
887011
887787
896768
896856
900781
905665
91039
911788
912866
922860
924806
931982
932565
935567
93787
939344
943654
952708
96388
964040
966614
96670
96811
968792
969243
96981
970118
977798
986134
98624
986994
98734
992484
99276
99331
99354
99401
1016340
1022041
102955
1037316
1043728
1065494
1070817
1082871
109263
1101043
1102381
112187
1143105
114448
1146997
1150259
1151885
1167959
1169006
118191
1188714
1193679
119922
1199843
1223989
1238232
1240089
1246319
1249200
1252996
127358
1276003
1284166
1288314
1291553
1292424
130575
1329214
1336578
1345273
1351182
1351717
1352382
1359489
161104
248646
257297
547815
656315
764193
80426
89264
959319
977392
1360381
1375182
1375821
1386499
1398645
1404528
1410690
146017
161985
186148
188641
189841
199025
20215
203815
209483
217815
218901
22041
221393
222643
234776
236678
251834
256813
265684
276761
279538
280402
294976
299274
311422
314676
318513
319345
325910
346595
366749
374433
374820
384638
390627
403154
428937
440459
460533
483700
492250
518494
529731
53435
542002
553953
56016
57078
579434
592416
595747
612751
61701
617102
621604
626587
627919
6297
635980
639857
642355
661651
662482
668120
686458
705128
719622
721127
723222
742227
743687
749026
749116
758677
772442
777770
787599
791860
797010
798209
817518
827040
835198
840425
877466
880806
892627
896924
916536
923317
934922
95116
956162
981164
983175
986955
990433
1026858
106818
1109983
1151199
1235202
1296040
1346971
138601
1390088
1401802
142419
1425443
1443370
146919
179582
192812
237758
268415
340391
475484
475960
488428
541189
612649
640905
650301
665560
779163
797599
848120
909695
1001540
1005158
1010016
1014953
1037470
1067747
1068580
1069127
1082073
1089157
113005
1131162
113500
1152734
1173110
1181215
1182243
1186866
1190785
1215072
1228458
1273985
1337238
1339061
1345059
1382466
1382949
1390524
1392611
1406203
149889
151776
167388
213348
217865
254992
267687
271367
272315
272662
294171
325298
346294
360746
367189
415109
418675
422964
499043
547385
549207
563400
588355
650502
674547
688357
696094
706390
710510
738453
756837
770684
774636
778478
780960
781927
815398
818912
836445
838993
840860
842224
876656
882746
892241
905259
924354
944770
95444
969722
980943
994310
1017450
1156584
1218328
1218335
1249916
1286314
1287330
1302937
1304
1351375
1368417
1382088
389584
453976
536245
541891
569705
626409
660799
683228
749235
76867
791285
829166
865290
876864
877363
958652
96076
98825
1004765
1007760
1030035
1033999
1041871
1043449
104776
1050989
1074967
1075189
1080558
1111719
1114069
1127065
114989
1154951
1186491
1195590
1218003
1233334
1235226
1246837
1261066
1262114
128206
1338691
1349614
1351381
1375743
1387887
1393478
1405127
1412093
1430025
1430669
163845
170378
171089
178410
200510
202657
208220
212164
234302
285734
294136
294158
297003
312522
316824
340177
359293
368462
38685
416216
42868
438751
440167
440463
450282
473969
474574
478796
480854
483469
49386
49599
503022
504215
505192
509434
517350
532608
563015
583963
602472
603540
604986
618821
642212
642988
644933
645009
65363
655357
662475
687837
689234
7367
752579
757205
767550
787099
804616
806330
817395
819132
820157
822714
824079
825765
826665
839394
841230
849418
877720
878070
878087
887004
888758
891231
909239
923635
929423
938620
949571
950229
954314
98723
991637
1002251
1028883
10909
1148498
1241853
1282411
1375082
1395641
166607
267123
321495
56361
601879
678042
753021
843200
993946
1009154
1040692
1051111
1069629
1076490
1081215
1085925
1113263
1115460
1132230
1175464
1214441
1320006
1362087
1393171
1396687
1431272
189969
207814
21204
214507
245577
251393
256283
271147
283639
348451
371441
38136
402466
444156
446421
455523
49343
517570
577121
594305
634522
654427
683766
736992
752468
789531
798699
807475
824761
848675
871677
907001
925903
943706
953888
954567
966069
966900
1026719
103703
10503
1079390
1096326
1097755
1109629
1115437
112027
112484
1150024
1150935
117687
118674
119194
122007
125513
1266874
131773
1339256
1381301
1395410
1398712
1409205
160161
188879
191047
195151
206878
219125
24598
266120
268496
275360
277082
288955
300805
304830
306337
332468
347589
36702
391747
437817
45479
494867
497115
500392
500397
523587
5594
573050
583129
699982
72692
756794
794578
79592
80480
816228
816259
81698
818221
824581
82530
827731
830793
853000
9072
957529
967613
982800
98444
99852
1009092
1033727
106292
1078695
1079063
1085364
108661
1116251
112589
1136514
1137805
1191797
1192370
1193038
119458
1210733
121363
124045
1246138
126430
128742
1308356
1332658
1357850
136001
1380216
1382029
1382079
1382518
1382610
1389882
1405033
1416172
1427192
145300
147650
157351
175985
180233
182224
184100
185269
189169
195848
197334
203669
209070
219004
22162
247605
253455
26496
265577
268505
272995
277243
291101
291577
294523
295262
312687
317466
35350
367086
37973
380626
418983
425414
44819
46479
499781
531436
535321
53622
548551
56139
565603
580281
583676
593763
677294
69414
696501
716896
719227
727015
756842
768482
771422
78187
78941
819865
828012
840170
861509
910219
912381
913492
938076
978410
1007131
1035201
104071
1040847
1040853
1056047
1062761
1062987
1063226
1069591
1071677
1132564
1142677
1153878
1175291
1175443
1209903
1223470
1229174
1234047
1240631
1276712
1286767
1289949
130755
1308793
1327481
1338904
1341552
1346365
1350092
1351783
1352056
1352238
1352597
135498
1361290
1367727
1394977
1401786
149314
152631
154892
184015
198697
222718
250901
259789
266145
276365
279855
297380
300141
334861
351437
36156
362949
374710
392799
394045
473154
480427
498015
509694
522616
536288
607924
632991
64547
655325
660822
671717
68222
68648
690004
703134
720689
725092
729994
748977
753035
757434
781614
801243
806438
811544
814105
823930
857633
895901
905999
907616
918794
942341
943506
952590
979348
1000036
100089
100702
101602
1020723
1028561
1030751
1033829
1034044
104562
1053047
1055723
1056109
105736
1082556
1089026
109394
1096732
1102372
1107119
1109231
1112902
1121967
1123062
1124676
1127057
1130919
1137657
1142434
1147534
1148399
1150257
1155380
1157083
1160763
1161941
1177826
1187310
1188733
1189244
1191935
119631
1201957
1209335
1218808
1223627
1224466
1233302
1239580
125363
1257676
1272798
1273431
1280305
128324
1283377
1285321
1289829
1295768
1308399
131754
1322422
1323800
1327756
1336413
1337032
1338799
1339892
1357083
1357343
1367800
1370061
1381716
1383707
1388804
1389954
1401335
1411730
1411939
1420132
14263
1428897
1429499
1438902
1442281
148628
148804
152924
154270
159525
160369
181999
189357
19197
192445
201005
210187
213816
213828
21686
216943
224441
250859
26356
269282
269720
272536
283703
285145
291009
30294
303086
306810
307510
311486
312920
313168
333227
333540
342979
364182
364930
374367
375065
389312
395218
401214
41571
42351
429828
432290
440260
445213
445322
445929
453648
490789
494783
500736
513861
519369
528326
535495
541047
551983
559870
5634
569485
573763
593431
597293
59749
597729
609915
609995
61312
61406
62357
623991
625270
630370
633327
654883
65563
666466
685341
694247
695399
703571
706926
707522
709226
71628
718275
722906
723996
726507
737990
744425
762653
776794
78023
787184
787933
794029
798275
808482
809752
817905
82226
822913
824264
827543
839339
839861
841493
842474
843068
857114
857351
862152
8630
866109
87060
886361
893689
905001
911502
933195
946143
946681
954605
956014
957594
958052
962434
975615
1003647
1004778
1011237
1014043
1027730
102916
1036361
1043309
1047687
107535
1088566
1216587
1235265
1259595
1265673
127838
1288109
1323758
1331421
1344375
1408932
149863
220828
288097
292959
307520
366959
374604
402694
443899
470001
471933
474725
493154
505429
521556
542778
599473
631082
750892
762108
783028
793022
816312
886703
921500
937729
948234
952340
954702
993056
994399
995026
1009638
1011824
1016676
1023643
102491
1036223
1041931
1044610
1047955
1050409
1058926
1075738
108007
1082288
1086998
108728
1091827
1097381
1101360
1112986
1122197
1145280
1157282
1158479
1158943
1162076
11669
116797
1177744
1185190
1191532
1194903
1198900
1201041
1211168
1213178
1214250
1241098
1243704
1246604
1258377
1278740
128494
1286788
1306573
1328734
1330063
1333187
1335351
1346600
1351955
1356152
1368202
1369409
1371783
1390076
1395081
1402371
1411683
1419274
142020
1432179
1434322
149344
154647
158459
166678
168785
171924
172600
177650
187234
197377
208349
20899
242751
243839
243883
246447
252930
253631
257227
261270
267132
267834
273102
273383
274576
285256
293222
295268
296345
33469
343577
352047
366443
37743
392616
403377
406033
407891
408799
409459
412984
421268
421603
429670
445588
452859
454645
457155
461472
462756
471398
48171
494378
505722
531840
54345
551470
560483
569195
578843
593546
60397
607960
622367
623166
625171
675521
689947
700799
710059
718110
721586
752025
752263
762850
767685
772345
773286
777216
778251
778561
783816
787811
793429
810136
817491
822224
828375
828693
844900
860821
870017
880590
887291
887756
888220
889565
893095
918724
920691
923318
929001
930657
932616
942360
942994
944891
954649
969876
971418
97157
989257
99088
994961
1388828
170259
1387943
531119
656358
296929
992053
822629
683754
1361149
625694
91198
1244111
1394791
1211649
652135
1014427
455953
1263609
684634
330097
130795
1362444
842220
852644
1292841
995531
1173404
602817
1163978
344088
1029750
954776
310071
886236
903907
911841
342812
303310
424295
1280170
262714
438858
1363405
905681
1214458
28402
130483
724230
1134413
729010
158420
1116053
729873
928099
135216
124381
1142665
978352
782085
891103
589088
895421
768512
58983
138965
250472
1200552
1075900
376070
794984
1373139
122180
1099185
825849
602883
633673
1187397
69510
1281288
135448
1191944
438281
158038
1383156
1352826
1059697
218302
888068
29387
750027
200743
70254
1075174
751287
539964
568498
1138948
786317
865409
518885
780292
736923
61206
103794
625345
272854
511644
575248
1415555
712343
651034
159534
354294
515364
653004
662776
872936
374563
379656
1179080
1271710
1022860
586659
919355
360014
1157359
1365320
896574
1340395
128474
721444
63666
1241967
1036214
1036730
1037628
1037636
1044796
1070646
1076048
1095035
1098837
1100685
1116274
1129535
1130839
1135445
1160757
1194625
1197112
1210894
1213146
122366
1241814
1246483
1261447
1262952
1264957
1271062
1279365
1283210
1302104
1310687
1319142
132966
1336788
1337347
1340518
1344187
1349894
1358814
1367674
1370376
1370687
1370771
1377526
1381846
1382695
1391974
1393343
1425144
1437646
145085
161327
187435
203758
21111
215408
222801
225526
227699
230113
241949
243253
252638
263229
263824
265892
284705
287527
289082
29624
306521
311885
318291
340425
350832
371139
385556
392587
393494
394823
400042
419587
428250
430695
437122
437393
447504
45204
456280
475296
489415
511074
517149
517489
520424
521381
522552
530719
533895
536112
542115
54378
558679
569876
584673
592920
603582
606796
609903
616212
620690
651361
672930
70023
701587
710809
712257
716827
718657
719363
742817
746845
752022
774185
777666
778583
783341
786622
791166
791527
792628
795641
798311
80962
821413
833728
837634
886300
895787
896283
896432
898525
905676
906386
922511
954890
956288
958035
110212
1128872
1189295
123940
1246998
1272257
127273
1311763
1325341
1332701
1349855
1367777
1390400
1392481
140718
1410262
1425571
14422
147495
164666
166440
177428
178328
184240
22656
271377
281609
31059
316892
339300
382905
395629
411932
46330
464662
469742
518336
546820
555665
55967
570919
577787
5883
612326
628133
642247
691792
705690
718570
726537
752038
805624
822315
8352
861173
888948
902238
91967
936942
974566
992005
99200
998809
996517
995637
99930
99963
995403
99578
998680
991275
996455
99868
998166
997841
998305
997820
487493
995152
996552
99570
995107
845550
