1 105015
1 105915
1 1069529
1 1093376
1 1159210
1 1221470
1 1224371
1 1228959
1 125461
1 1279526
1 1319819
1 1324556
1 1328476
1 1346349
1 135075
1 149794
1 168295
1 176995
1 182065
1 25343
1 266200
1 287809
1 297525
1 40664
1 423526
1 49272
1 55097
1 552146
1 757282
1 826642
1 145924
1 131493
1 144529
1 171610
1 175279
1 22084
1 34519
1 42659
1 44092
1 491417
1 51970
1 55578
1 1127499
1 1195825
1 1299390
1 18820
1 26354
1 106857
1 109536
1 11415
1 1417924
1 160286
1 178871
1 200567
1 22251
1 778551
1 962732
1 1346605
1 1411751
1 671783
1 135401
1 150489
1 185312
1 30803
1 386974
1 664109
1 756657
1 105868
1 1072006
1 110381
1 145830
1 179945
1 373249
1 38204
1 491312
1 569474
1 622038
1 662807
1 791352
1 953343
1 1075855
1 165622
1 541805
1 59567
1 85161
1 1142047
1 1156227
1 1198866
1 128653
1 170938
1 184067
1 28698
1 402208
1 402346
1 567786
1 584072
1 617252
1 645043
1 82932
1 84856
1 859024
1 975312
1 91331
1 1092862
1 157734
1 166334
1 19228
1 342828
1 412113
1 45274
1 487696
1 499498
1 600314
1 601836
1 615819
1 709232
1 73316
1 8666
1 1011872
1 119797
1 1266307
1 144
1 145069
1 199249
1 517315
1 106109
1 1131576
1 124345
1 1258741
1 1410959
1 29831
1 340495
1 524983
1 61348
1 625338
1 778264
1 804499
1 115699
1 899681
1 125741
1 1426818
1 548180
1 644488
1 818929
1 1040247
1 1041395
1 1169379
1 1182985
1 1216629
1 1239181
1 1261988
1 1312263
1 15522
1 299524
1 386869
1 392363
1 414301
1 440022
1 53107
1 61454
1 717371
1 726814
1 781122
1 851593
1 1216085
1 1291313
1 183084
1 387093
1 555584
1 68658
1 717094
1 1131341
1 1206535
1 1213262
1 122834
1 1233217
1 1258278
1 1329673
1 135349
1 136182
1 1432063
1 17182
1 295198
1 628421
1 64101
1 109357
1 14651
1 55189
1 110012
1 1085722
1 156997
1 128566
1 110237
1 103176
1 158540
1 197064
1 198417
1 271744
1 42791
1 43420
1 70558
1 864067
1 190930
1 36441
1 46962
1 95989
1 102697
1 104696
1 106282
1 127
1 1284236
1 163093
1 1793
1 196420
1 82054
1 933472
1 1147689
1 1307403
1 1330957
1 137805
1 145409
1 15960
1 167920
1 46213
1 46410
1 50338
1 98951
1 171114
1 809214
1 46488
1 55089
1 65377
1 192620
1 64302
1 80086
1 9170
1 192034
1 274625
1 55066
1 83371
1 909563
1 142962
1 146709
1 148539
1 95914
1 97425
1 130898
1 132975
1 138468
1 143116
1 147525
1 168494
1 99141
1 110366
1 820336
1 723770
1 82282
1 935327
1 887575
1 779299
1 197198
1 115535
1 124343
1 491812
1 653398
1 101789
1 1063428
1 1066210
1 1150227
1 1282506
1 151019
1 153119
1 160516
1 190596
1 26242
1 281741
1 366909
1 408330
1 525062
1 60964
1 757483
1 762432
1 89247
1 922515
1 10565
1 1068841
1 1398372
1 190213
1 342702
1 530316
1 572087
1 582108
1 626220
1 631565
1 821638
1 915213
1 956599
1 190289
1 153108
1 1011233
1 1153147
1 1195449
1 1229587
1 161718
1 271829
1 279379
1 281509
1 484361
1 510126
1 517361
1 74701
1 7773
1 92876
1 1024533
1 204240
1 4101
1 1063010
1 1074699
1 1122563
1 1221225
1 130336
1 1324815
1 135456
1 135493
1 1375312
1 139062
1 328965
1 398534
1 481912
1 500046
1 669970
1 68322
1 786267
1 809211
1 88059
1 98352
1 158630
1 856660
1 106496
1 120429
1 121320
1 12549
1 1353846
1 137960
1 145411
1 26507
1 425030
1 542826
1 61446
1 645046
1 85054
1 1261232
1 346535
1 5142
1 526074
1 767747
1 908021
1 921364
1 94558
1 95275
1 99140
1 110799
1 1109463
1 1131150
1 1194013
1 122354
1 1425230
1 14579
1 157006
1 163961
1 171109
1 30942
1 334147
1 370105
1 100481
1 1028402
1 105966
1 1062111
1 1107344
1 1112067
1 1122655
1 1141271
1 1272989
1 1351447
1 159347
1 179983
1 2100
1 22556
1 233930
1 45201
1 555939
1 57217
1 707374
1 865973
1 88451
1 93003
1 1155380
1 21686
1 59749
1 82226
1 1009638
1 11669
1 1211168
1 1214250
1 1243704
1 1258377
1 1395081
1 1419274
1 149344
1 158459
1 166678
1 168785
1 197377
1 421603
1 505722
1 569195
1 578843
1 767685
1 828693
1 893095
1 170259
1 1173404
1 911841
1 342812
1 424295
1 130483
1 158420
1 1116053
1 124381
1 1142665
1 891103
1 158038
1 218302
1 29387
1 750027
1 200743
1 539964
1 568498
1 518885
1 515364
1 662776
1 1179080
1 586659
1 919355
2 1005043
2 102242
2 1033302
2 1034766
2 10610
2 108842
2 1150387
2 1179962
2 1189031
2 121527
2 122378
2 1233737
2 1263944
2 1279594
2 1293633
2 1332112
2 1332916
2 1337378
2 1349287
2 1366344
2 1370129
2 1378587
2 1381656
2 1387042
2 1389036
2 1390266
2 1390385
2 1392733
2 1393089
2 1403824
2 141230
2 14957
2 156284
2 160008
2 181591
2 182193
2 185300
2 190450
2 197179
2 200671
2 21501
2 237081
2 299722
2 321767
2 321986
2 323985
2 328280
2 34723
2 369926
2 382400
2 400489
2 41132
2 43229
2 46730
2 467300
2 47770
2 491953
2 545141
2 56939
2 575764
2 579716
2 58177
2 59243
2 61550
2 624662
2 644337
2 644990
2 657310
2 65782
2 66107
2 661306
2 661503
2 661900
2 68396
2 694294
2 696961
2 721215
2 730651
2 74463
2 768144
2 7729
2 781465
2 782094
2 817105
2 82702
2 832467
2 837241
2 876586
2 88455
2 900949
2 905392
2 96054
2 968774
2 96890
2 976773
2 977279
2 9775
2 1020987
2 1228483
2 128840
2 132251
2 1408216
2 204010
2 316404
2 34844
2 74384
2 748687
2 779216
2 826568
2 88300
2 89438
2 1002281
2 1012105
2 1018105
2 10625
2 106421
2 1085808
2 1109530
2 112089
2 1132092
2 12112
2 121379
2 1231789
2 131402
2 1320784
2 1321666
2 1339176
2 134912
2 135789
2 1370559
2 137097
2 1381829
2 1383676
2 1389057
2 139115
2 141980
2 143446
2 14522
2 147485
2 153493
2 164996
2 171886
2 175769
2 181569
2 181939
2 186056
2 191021
2 193013
2 194026
2 195234
2 195628
2 198631
2 21930
2 2713
2 272741
2 2754
2 285555
2 285582
2 294454
2 30955
2 313343
2 326361
2 340931
2 349999
2 359496
2 390347
2 420806
2 440188
2 46970
2 487341
2 49753
2 499317
2 529813
2 529820
2 5377
2 59263
2 609567
2 61483
2 620747
2 627657
2 62845
2 64149
2 642025
2 647890
2 647892
2 647983
2 663830
2 66566
2 66622
2 6699
2 676587
2 678640
2 68245
2 682862
2 6859
2 6898
2 693909
2 703719
2 707229
2 717719
2 72935
2 73333
2 739386
2 75094
2 76140
2 773268
2 77432
2 77482
2 778370
2 786973
2 7954
2 799229
2 81859
2 83654
2 837675
2 837970
2 841765
2 843331
2 845171
2 85343
2 854514
2 85641
2 857754
2 866138
2 86837
2 8696
2 878250
2 884249
2 931257
2 935948
2 97772
2 100139
2 103426
2 1058409
2 111736
2 1243970
2 1299465
2 1322394
2 1357869
2 1363262
2 136850
2 139432
2 1402334
2 140952
2 174778
2 192592
2 208786
2 250877
2 258189
2 270544
2 271652
2 273518
2 275142
2 276797
2 285419
2 399144
2 566756
2 58760
2 694918
2 710540
2 749238
2 76343
2 858985
2 88309
2 97028
2 100450
2 1010154
2 102005
2 1028896
2 103415
2 1043576
2 1075704
2 108503
2 1087959
2 1113361
2 111432
2 113243
2 115931
2 1166590
2 1189362
2 1206297
2 1210730
2 121087
2 1239438
2 123973
2 124977
2 125028
2 1254265
2 1269776
2 1275513
2 129202
2 129698
2 1316262
2 131702
2 1327044
2 132820
2 133186
2 1332818
2 13479
2 1352973
2 135917
2 1367824
2 1371165
2 1371616
2 1373606
2 1376327
2 137961
2 1382053
2 1396808
2 140084
2 1410220
2 1410345
2 1423521
2 1432810
2 143592
2 159661
2 160298
2 163046
2 163422
2 164432
2 16481
2 166299
2 16696
2 172175
2 172291
2 172352
2 175515
2 17555
2 176303
2 180526
2 181430
2 182198
2 190763
2 191376
2 192154
2 193556
2 195584
2 199885
2 199897
2 203606
2 221003
2 223680
2 224624
2 22606
2 2336
2 237039
2 241709
2 24294
2 245184
2 24943
2 25726
2 265526
2 266080
2 272212
2 273842
2 27387
2 276059
2 276883
2 277659
2 29765
2 3003
2 310284
2 332306
2 34246
2 344658
2 35336
2 35666
2 359205
2 371123
2 38349
2 39370
2 39577
2 401788
2 420706
2 436048
2 438856
2 44070
2 44171
2 445450
2 446286
2 484386
2 489791
2 508390
2 525492
2 526834
2 52811
2 53579
2 538226
2 540367
2 54930
2 55033
2 5689
2 576297
2 579607
2 59477
2 60338
2 607885
2 62028
2 62540
2 63437
2 64004
2 65664
2 675362
2 68305
2 718162
2 71833
2 719451
2 726965
2 7274
2 72966
2 741032
2 74164
2 748794
2 75137
2 787105
2 798406
2 80509
2 81959
2 82092
2 825596
2 837821
2 841249
2 850085
2 854080
2 86340
2 867298
2 87086
2 87210
2 906208
2 907765
2 90868
2 917636
2 92059
2 93402
2 946528
2 94945
2 964099
2 986569
2 99164
2 99187
2 49995
2 555366
2 632714
2 963236
2 1066574
2 111676
2 1251862
2 1258292
2 1264135
2 1299536
2 1375117
2 1375709
2 1389586
2 162040
2 197530
2 211462
2 223553
2 30777
2 333284
2 36036
2 388813
2 403434
2 423249
2 451343
2 454378
2 475847
2 477082
2 492983
2 52867
2 566640
2 568225
2 596840
2 754222
2 78855
2 85169
2 872219
2 878052
2 886745
2 913999
2 940472
2 1026733
2 1102264
2 200023
2 203767
2 214849
2 234773
2 242186
2 267420
2 285268
2 297217
2 342800
2 629279
2 669676
2 952861
2 1001587
2 1007518
2 1023230
2 10241
2 1025493
2 1031237
2 1036155
2 103984
2 1050036
2 1051569
2 1051745
2 107183
2 1078027
2 1079909
2 1085924
2 112190
2 1124220
2 1124615
2 1143362
2 115787
2 1160712
2 1189613
2 1198594
2 1200538
2 1264335
2 1290219
2 1320940
2 1330922
2 1354485
2 136743
2 1371462
2 1373908
2 1377039
2 1383571
2 1392753
2 1393165
2 1396086
2 1401538
2 1414527
2 1416011
2 1416828
2 1438820
2 150198
2 15174
2 151915
2 151963
2 159340
2 167838
2 170329
2 174678
2 244581
2 281575
2 282821
2 287772
2 34652
2 351640
2 423421
2 437043
2 572475
2 604815
2 610657
2 645487
2 662580
2 771717
2 773806
2 788972
2 792489
2 797132
2 815514
2 887085
2 887301
2 94108
2 942498
2 95132
2 967653
2 1151982
2 1245975
2 1350450
2 1410394
2 201711
2 206505
2 283163
2 314240
2 354417
2 369422
2 38894
2 62642
2 817520
2 1022277
2 1022563
2 103121
2 1081906
2 1084674
2 1113728
2 113708
2 113750
2 1170180
2 1176510
2 1180990
2 1182621
2 1194365
2 119904
2 12453
2 1266697
2 1295816
2 1345189
2 1346192
2 1354380
2 1360677
2 1373187
2 1396285
2 14674
2 162722
2 166142
2 167657
2 192832
2 196337
2 209786
2 227010
2 239956
2 240194
2 289153
2 321370
2 356601
2 357919
2 391173
2 430242
2 473315
2 507240
2 510593
2 512529
2 517935
2 53020
2 54495
2 546370
2 628820
2 716076
2 736552
2 751839
2 752909
2 758032
2 76419
2 774220
2 776754
2 789519
2 790814
2 79441
2 795745
2 815591
2 818123
2 818548
2 818917
2 819337
2 827576
2 83392
2 858104
2 864553
2 889151
2 946519
2 95926
2 1115790
2 114643
2 1160331
2 1240580
2 1339438
2 214471
2 274968
2 363777
2 567944
2 652917
2 755911
2 796790
2 833826
2 867807
2 882863
2 905835
2 1050601
2 109544
2 111780
2 11179
2 1123457
2 1124042
2 1250789
2 1267598
2 1306800
2 1388803
2 1397016
2 1405221
2 1410142
2 167876
2 179102
2 216918
2 22097
2 28921
2 293066
2 323511
2 331772
2 389138
2 389471
2 412172
2 412518
2 460498
2 460760
2 473420
2 48114
2 498985
2 531361
2 537509
2 53760
2 539521
2 54853
2 618843
2 622010
2 626204
2 652438
2 702788
2 706514
2 798010
2 79924
2 832598
2 866203
2 900967
2 913572
2 917420
2 94613
2 95674
2 960393
2 961731
2 987031
2 992390
2 231876
2 402828
2 794282
2 1309971
2 1352602
2 1356057
2 162506
2 184103
2 186876
2 196364
2 259884
2 512453
2 688847
2 701817
2 741056
2 793349
2 794949
2 860922
2 905994
2 1411770
2 1048532
2 1072684
2 1181868
2 1346275
2 1352113
2 137247
2 158700
2 168238
2 208784
2 250418
2 274291
2 297346
2 341312
2 342606
2 476352
2 529702
2 602212
2 653893
2 744144
2 794886
2 822690
2 823941
2 905183
2 1396254
2 361934
2 374254
2 991270
2 1008118
2 1099912
2 1099956
2 1374558
2 143916
2 173470
2 235495
2 332105
2 430384
2 483778
2 491167
2 510793
2 555480
2 724102
2 744412
2 820899
2 840278
2 841311
2 842282
2 940900
2 959210
2 991478
2 991763
2 1049043
2 1075783
2 1110363
2 1141958
2 128645
2 1312830
2 1375070
2 1398234
2 1434802
2 160481
2 162436
2 197365
2 226930
2 295263
2 317696
2 33633
2 350935
2 412123
2 41551
2 41744
2 47574
2 533192
2 542236
2 55710
2 577157
2 719029
2 78711
2 817206
2 850596
2 98619
2 9905
2 1032889
2 1047157
2 104959
2 1088745
2 114140
2 1150554
2 1187297
2 1193025
2 119646
2 119975
2 1234521
2 1261517
2 1266192
2 1266257
2 1270518
2 1292227
2 1316910
2 1333037
2 1336962
2 1338737
2 1352139
2 1353450
2 1353984
2 1374644
2 138058
2 1380911
2 1382637
2 1390910
2 1394507
2 1396653
2 1410787
2 1438659
2 1443979
2 162596
2 165914
2 18719
2 21093
2 26462
2 267275
2 270913
2 27392
2 295283
2 298114
2 32388
2 32827
2 341283
2 3673
2 368403
2 375424
2 398578
2 408658
2 427541
2 454145
2 486719
2 496
2 502318
2 542806
2 55711
2 575220
2 60535
2 609107
2 638346
2 644996
2 663219
2 671964
2 676368
2 6849
2 716648
2 718795
2 743303
2 752390
2 779332
2 77945
2 791804
2 80301
2 808803
2 810650
2 818229
2 847353
2 856549
2 866096
2 866849
2 887665
2 906424
2 909567
2 93219
2 941342
2 942021
2 953335
2 982680
2 1021930
2 1085665
2 1285201
2 131174
2 670083
2 1013372
2 1168005
2 1279262
2 1380768
2 1408238
2 146321
2 162961
2 293749
2 312614
2 372837
2 57787
2 605116
2 818775
2 828127
2 89380
2 144094
2 818732
2 1069830
2 1070641
2 1142407
2 1344180
2 136377
2 1374522
2 420867
2 1388523
2 1406235
2 18514
2 266492
2 771815
2 1027217
2 1108392
2 1124122
2 1367120
2 1409687
2 149499
2 158195
2 294197
2 30868
2 378473
2 716784
2 1069215
2 648976
2 957404
2 897545
2 724157
2 790962
2 1345963
2 1381150
2 285838
2 314267
2 1190296
2 1237388
2 1255940
2 1390959
2 429894
2 1332615
2 65721
2 791072
2 867535
2 921571
2 1058104
2 1071538
2 1092535
2 1093542
2 1335791
2 1336892
2 1338778
2 1383256
2 258577
2 267830
2 313415
2 358156
2 55043
2 788881
2 1332196
2 1360217
2 1410931
2 151109
2 191940
2 266234
2 285379
2 526841
2 972629
2 3747
2 551310
2 1167090
2 131015
2 1354192
2 160579
2 324726
2 597290
2 1324758
2 135081
2 1383059
2 17418
2 243423
2 274792
2 312248
2 347008
2 349242
2 832974
2 838643
2 902821
2 964156
2 1035468
2 1047282
2 1057082
2 1074885
2 107637
2 109251
2 1098620
2 110860
2 114014
2 1140419
2 1145353
2 1189410
2 1197802
2 120097
2 1227510
2 1234795
2 1239957
2 1257044
2 1291882
2 1305820
2 1309734
2 135063
2 1352796
2 1354222
2 1372072
2 138328
2 140014
2 160673
2 197066
2 204330
2 21378
2 224960
2 236432
2 241225
2 244594
2 250938
2 281392
2 29462
2 295627
2 297449
2 306100
2 313191
2 313790
2 314300
2 317016
2 341100
2 34541
2 364119
2 379984
2 381465
2 396603
2 42575
2 42962
2 495553
2 497199
2 60088
2 619901
2 622523
2 637409
2 669603
2 699661
2 708943
2 733199
2 741161
2 746495
2 759272
2 760606
2 790026
2 8260
2 826293
2 837002
2 891955
2 944899
2 957389
2 958312
2 974235
2 1063372
2 1210716
2 1295757
2 829623
2 852205
2 1008304
2 1011894
2 1036373
2 1075036
2 111288
2 1169893
2 119515
2 1285002
2 1332574
2 1358884
2 1415870
2 1417244
2 145034
2 155011
2 179780
2 261142
2 272571
2 307399
2 356025
2 489447
2 494895
2 501218
2 507075
2 520410
2 545052
2 565203
2 651306
2 674218
2 694209
2 79160
2 791923
2 858038
2 906024
2 932415
2 947772
2 953765
2 954029
2 956322
2 1044039
2 1144110
2 12792
2 1369215
2 1394089
2 936639
2 958676
2 101287
2 1044694
2 1060610
2 1064022
2 1262910
2 1351403
2 1390609
2 161649
2 195167
2 263875
2 331438
2 445060
2 459934
2 719505
2 765227
2 787791
2 807661
2 817078
2 82929
2 858178
2 867078
2 899107
2 919083
2 966662
2 989004
2 1192165
2 1023974
2 1210701
2 1290239
2 1314782
2 205908
2 222143
2 256872
2 260674
2 285144
2 294098
2 330801
2 365374
2 719224
2 732535
2 788353
2 791545
2 807654
2 840206
2 1109044
2 1267695
2 133533
2 1371013
2 1430440
2 165776
2 232094
2 236802
2 314048
2 459800
2 526904
2 613556
2 838091
2 878048
2 908263
2 1033834
2 1075689
2 1084575
2 1096457
2 1122189
2 1123262
2 1131229
2 1135347
2 1138444
2 1151502
2 1172035
2 1179878
2 1184
2 1190050
2 1196436
2 1199255
2 1202142
2 1222348
2 1235015
2 1238368
2 1239092
2 1253559
2 1263323
2 1269009
2 127302
2 1285505
2 1354061
2 1401635
2 140857
2 1415218
2 141865
2 18925
2 194368
2 246800
2 271962
2 275600
2 27967
2 284144
2 286729
2 290216
2 330047
2 348414
2 366718
2 371182
2 375217
2 383972
2 410720
2 417021
2 430437
2 442721
2 498457
2 517033
2 51893
2 526773
2 57065
2 57329
2 587299
2 60023
2 603234
2 644595
2 680260
2 680636
2 691813
2 716324
2 725663
2 779637
2 791875
2 796294
2 797246
2 803129
2 80449
2 818005
2 823924
2 972484
2 1115584
2 197456
2 206683
2 639049
2 1008178
2 1408126
2 251460
2 260781
2 341919
2 359311
2 371602
2 374528
2 391801
2 428927
2 539864
2 607322
2 687171
2 694410
2 700234
2 719411
2 7653
2 79963
2 8000
2 818741
2 906510
2 94620
2 979949
2 1032791
2 103293
2 127844
2 1407953
2 1412434
2 156112
2 321965
2 340089
2 45401
2 560397
2 662022
2 714129
2 717881
2 718597
2 725051
2 78972
2 802993
2 803635
2 80557
2 836571
2 888009
2 936415
2 952528
2 952840
2 1077615
2 1079467
2 1089454
2 114916
2 1213471
2 1225276
2 129249
2 1319437
2 132122
2 1328205
2 1366174
2 1367759
2 1381718
2 1383198
2 1389041
2 1394537
2 1397190
2 1410710
2 181954
2 205987
2 210017
2 228746
2 26076
2 264559
2 264890
2 273276
2 311946
2 472092
2 474498
2 106298
2 1146103
2 1177939
2 1216009
2 122098
2 1221843
2 1225845
2 1231204
2 1234474
2 1267531
2 1381367
2 1428429
2 192980
2 21574
2 239285
2 256710
2 377844
2 412986
2 432493
2 435692
2 444126
2 4689
2 480366
2 643639
2 644139
2 657138
2 676541
2 826086
2 826545
2 890714
2 1000036
2 1028561
2 1082556
2 109394
2 1127057
2 1137657
2 1147534
2 1148399
2 1157083
2 1188733
2 119631
2 1201957
2 1223627
2 1233302
2 1295768
2 1323800
2 1336413
2 1337032
2 1339892
2 1357343
2 1383707
2 1388804
2 1389954
2 14263
2 148628
2 152924
2 154270
2 160369
2 181999
2 189357
2 224441
2 269720
2 311486
2 312920
2 342979
2 42351
2 440260
2 445322
2 453648
2 490789
2 528326
2 535495
2 559870
2 5634
2 569485
2 597293
2 609915
2 61406
2 666466
2 703571
2 706926
2 707522
2 709226
2 71628
2 718275
2 722906
2 744425
2 809752
2 817905
2 822913
2 824264
2 839861
2 841493
2 843068
2 866109
2 87060
2 946681
2 957594
2 1011824
2 1023643
2 102491
2 1036223
2 1044610
2 1047955
2 108007
2 1082288
2 1086998
2 1097381
2 116797
2 1177744
2 1191532
2 1194903
2 1198900
2 1213178
2 1278740
2 128494
2 1286788
2 1330063
2 1333187
2 1335351
2 1346600
2 1368202
2 1369409
2 1390076
2 1402371
2 1411683
2 171924
2 177650
2 187234
2 208349
2 20899
2 246447
2 252930
2 253631
2 267132
2 267834
2 273383
2 293222
2 296345
2 33469
2 343577
2 407891
2 408799
2 409459
2 412984
2 421268
2 429670
2 452859
2 457155
2 471398
2 48171
2 531840
2 54345
2 560483
2 593546
2 60397
2 607960
2 622367
2 625171
2 689947
2 710059
2 752025
2 752263
2 762850
2 773286
2 777216
2 778251
2 778561
2 783816
2 787811
2 793429
2 810136
2 870017
2 887291
2 887756
2 888220
2 923318
2 929001
2 944891
2 954649
2 969876
2 971418
2 97157
2 989257
2 99088
3 1009793
3 1023625
3 1026534
3 1034951
3 1047925
3 1060387
3 1064126
3 1132817
3 115134
3 1196083
3 1200988
3 1202190
3 1209430
3 1215035
3 1243848
3 1248823
3 1287281
3 1340545
3 204792
3 214251
3 232242
3 244078
3 244665
3 271233
3 271486
3 281864
3 316338
3 321548
3 333001
3 347875
3 351531
3 351917
3 363012
3 366020
3 370720
3 396115
3 404525
3 439658
3 444362
3 458063
3 474581
3 527263
3 531782
3 541230
3 546218
3 555591
3 563042
3 563130
3 592366
3 604379
3 613803
3 6200
3 624462
3 642272
3 682556
3 689620
3 702298
3 736436
3 737131
3 743729
3 774115
3 780511
3 83889
3 843586
3 857359
3 867496
3 902195
3 904870
3 906068
3 919607
3 935072
3 957178
3 966173
3 967272
3 969483
3 976719
3 1056858
3 1383244
3 1394328
3 196606
3 288055
3 418186
3 448047
3 748439
3 878214
3 996016
3 998622
3 1093502
3 1188402
3 1193601
3 1204096
3 1215574
3 1226283
3 1228962
3 1239299
3 1242063
3 1267660
3 1292552
3 1333945
3 1340291
3 1394399
3 172337
3 206387
3 231250
3 250255
3 276772
3 297302
3 354939
3 395428
3 490941
3 539498
3 606562
3 631897
3 683122
3 694504
3 717526
3 731507
3 731721
3 812773
3 816252
3 827043
3 840345
3 879936
3 882078
3 912914
3 931358
3 970705
3 975353
3 981473
3 1109340
3 1395024
3 957378
3 1111536
3 1276023
3 1299986
3 1314110
3 1376403
3 1399574
3 1415025
3 205612
3 205710
3 379157
3 460044
3 475917
3 558318
3 571587
3 582518
3 631618
3 716485
3 891580
3 923280
3 795039
3 1063024
3 450607
3 624103
3 885579
3 747113
3 1004826
3 1066133
3 1083512
3 1367652
3 263498
3 637840
3 1192514
3 1269613
3 1443033
3 654062
3 878710
3 942931
3 1009461
3 1020306
3 1031068
3 1031797
3 1039224
3 1043824
3 1064795
3 1102794
3 111058
3 1115048
3 1120291
3 1123615
3 1145763
3 1183211
3 1189525
3 1210879
3 1251746
3 1266562
3 1279891
3 1311706
3 1332522
3 1337433
3 1357753
3 152475
3 18713
3 215861
3 224116
3 243569
3 264291
3 269039
3 282991
3 290563
3 311588
3 321955
3 344494
3 373297
3 373814
3 390238
3 407505
3 410113
3 429736
3 482593
3 536139
3 567709
3 629526
3 65544
3 669741
3 688223
3 767830
3 810855
3 843341
3 853406
3 858346
3 862351
3 880768
3 92490
3 937787
3 945360
3 945677
3 1182577
3 657964
3 794219
3 824289
3 982148
3 1031357
3 1045270
3 1097484
3 1100255
3 1107258
3 1180907
3 1253906
3 1375069
3 1388700
3 1416545
3 245794
3 249701
3 266723
3 266750
3 288922
3 297341
3 369413
3 407188
3 437590
3 489937
3 498403
3 525138
3 541272
3 541663
3 549367
3 565931
3 602041
3 674212
3 733277
3 735777
3 778360
3 852392
3 868793
3 880362
3 883232
3 888634
3 922454
3 935988
3 1226715
3 1375772
3 325265
3 366190
3 38188
3 430749
3 440617
3 555059
3 694667
3 744183
3 797054
3 858706
3 904460
3 1000868
3 1030697
3 1038482
3 1051622
3 1062412
3 1068720
3 1073618
3 1074917
3 1097357
3 1140739
3 1172568
3 1182524
3 1201799
3 1205180
3 1208330
3 1272077
3 1305767
3 1324047
3 1352291
3 1369152
3 1370429
3 1419711
3 1436991
3 209639
3 237697
3 247697
3 276496
3 289653
3 303427
3 322219
3 343002
3 362966
3 402695
3 409225
3 466554
3 474843
3 477407
3 492150
3 536545
3 556061
3 577471
3 580652
3 581897
3 597557
3 654024
3 674956
3 704054
3 705735
3 707767
3 717049
3 718156
3 726137
3 741116
3 857973
3 869789
3 885733
3 886226
3 906150
3 907213
3 942992
3 1162656
3 1231530
3 260420
3 370926
3 1010496
3 1020355
3 1040066
3 1047594
3 1071270
3 1103169
3 1115913
3 1123312
3 1157168
3 1184747
3 1200655
3 1208006
3 1214427
3 1224283
3 1252159
3 1385242
3 1385370
3 1400155
3 140038
3 178405
3 211583
3 265979
3 286575
3 287965
3 318590
3 368414
3 376728
3 420003
3 424975
3 430358
3 488912
3 563349
3 573842
3 581058
3 584064
3 588402
3 641763
3 644384
3 649947
3 663540
3 676781
3 716757
3 730640
3 761798
3 787362
3 794302
3 800948
3 810806
3 897376
3 967615
3 971705
3 974291
3 992415
3 401923
3 293863
3 716696
3 401999
3 534812
3 605085
3 1044181
3 1134305
3 1145908
3 1145921
3 1273712
3 1308575
3 1346315
3 1413807
3 1426645
3 1429778
3 146100
3 162953
3 207460
3 244949
3 280123
3 295602
3 317321
3 320060
3 354318
3 369111
3 396050
3 421154
3 436447
3 552895
3 592529
3 598465
3 649938
3 692626
3 702291
3 777869
3 787706
3 823444
3 825530
3 831091
3 831212
3 888304
3 889776
3 914501
3 958049
3 981492
3 1270711
3 264031
3 281215
3 358726
3 391466
3 699129
3 877920
3 911374
3 931831
3 1019495
3 1039658
3 1052593
3 1110560
3 1133510
3 1141217
3 1150297
3 1210662
3 1212925
3 1219260
3 1262486
3 1267306
3 1328419
3 1345922
3 1370794
3 1398337
3 254552
3 326200
3 380147
3 456421
3 499542
3 530881
3 548513
3 604968
3 605627
3 618922
3 621041
3 778225
3 809957
3 823999
3 919397
3 946009
3 952959
3 985961
3 1012524
3 1044675
3 1062692
3 1287625
3 1350394
3 1435112
3 228529
3 237998
3 265214
3 316181
3 332059
3 662613
3 679499
3 908067
3 907770
3 399170
3 1310206
3 437366
3 647760
3 270360
3 713098
3 862005
3 966245
3 1113920
3 1127265
3 1175408
3 1185716
3 1332991
3 1356669
3 312040
3 326150
3 370845
3 388259
3 410273
3 591774
3 756375
3 841837
3 860876
3 997239
3 1021384
3 1048666
3 1224041
3 1358663
3 1395657
3 1407680
3 1411063
3 214565
3 228343
3 286777
3 307558
3 362869
3 422140
3 474360
3 559229
3 609796
3 723205
3 742851
3 817599
3 868713
3 870253
3 1008190
3 1012350
3 1038332
3 1048791
3 1051613
3 105654
3 1066795
3 1068669
3 1072520
3 1082713
3 1110291
3 1111075
3 1131369
3 1142110
3 1207322
3 1227537
3 1237366
3 1247463
3 1248113
3 1267193
3 1274998
3 1303393
3 1319685
3 1332935
3 1346878
3 1360410
3 138479
3 1393957
3 1407332
3 140958
3 1421417
3 1426529
3 1434088
3 1437407
3 1439108
3 204382
3 227184
3 235385
3 258569
3 292214
3 305366
3 310708
3 332187
3 335626
3 343227
3 352245
3 400812
3 420102
3 422741
3 431115
3 435574
3 438712
3 440339
3 440752
3 444096
3 503107
3 509222
3 548707
3 553343
3 554034
3 573309
3 592309
3 595477
3 605821
3 612132
3 617884
3 627023
3 636583
3 675427
3 676760
3 682720
3 718054
3 722869
3 729476
3 734990
3 743933
3 763985
3 807924
3 815205
3 839924
3 84729
3 851411
3 853616
3 863656
3 869169
3 871608
3 872839
3 883840
3 885758
3 946294
3 962133
3 968427
3 1308046
3 1325110
3 1412148
3 1425174
3 245838
3 276013
3 296935
3 308631
3 632158
3 684153
3 753743
3 762148
3 803598
3 810640
3 876481
3 958611
3 1113048
3 1215583
3 220087
3 247083
3 264295
3 563476
3 601762
3 725705
3 802308
3 826038
3 869621
3 914045
3 931689
3 1016627
3 1062515
3 1078272
3 1103255
3 1108676
3 1146676
3 1199441
3 1209741
3 129627
3 1316920
3 1326426
3 1327994
3 1335244
3 1335690
3 1390535
3 1394882
3 1410974
3 174097
3 221570
3 245445
3 253516
3 25816
3 258556
3 260255
3 267795
3 276528
3 281582
3 296982
3 323566
3 371482
3 384093
3 389676
3 442714
3 471231
3 5001
3 527138
3 528588
3 561238
3 581604
3 588226
3 591655
3 600372
3 618426
3 623988
3 631730
3 634906
3 635461
3 645774
3 694824
3 721422
3 725639
3 750438
3 751076
3 789621
3 790824
3 796316
3 799736
3 819936
3 831288
3 837985
3 856643
3 859235
3 873440
3 873563
3 877194
3 902829
3 924959
3 939130
3 942147
3 969165
3 974399
3 975208
3 1091819
3 1146285
3 1247740
3 1261193
3 1363856
3 1410735
3 15197
3 172853
3 352307
3 440035
3 709145
3 717653
3 720440
3 760395
3 844277
3 890173
3 910784
3 939754
3 1007787
3 1009848
3 1014375
3 1023387
3 1032596
3 1037354
3 1047527
3 1057998
3 1070266
3 1083626
3 1105368
3 1122863
3 1138165
3 1145396
3 1204429
3 1210232
3 1251659
3 1268249
3 1278225
3 1280317
3 1301258
3 1377508
3 1388403
3 1390501
3 1404068
3 1419921
3 1421436
3 1436795
3 190593
3 240058
3 262728
3 307191
3 321028
3 374565
3 40582
3 407830
3 408594
3 465551
3 470418
3 473203
3 494900
3 498146
3 510930
3 527517
3 529030
3 535334
3 564310
3 574188
3 582807
3 593347
3 594979
3 608582
3 628045
3 653176
3 659182
3 697398
3 753294
3 756139
3 777188
3 784331
3 795907
3 807629
3 824576
3 830680
3 917753
3 940754
3 1361317
3 241449
3 267832
3 297316
3 302221
3 364261
3 392893
3 545492
3 573188
3 642662
3 653722
3 660220
3 735314
3 987157
3 1042372
3 1043280
3 1047608
3 1057308
3 1065178
3 1080358
3 1084706
3 1092051
3 1132922
3 1135356
3 1157572
3 1210956
3 1223494
3 1248405
3 1288861
3 1319693
3 1340386
3 1373055
3 1374080
3 1375847
3 1378953
3 1393431
3 1393663
3 1399291
3 1416387
3 1425096
3 207192
3 211044
3 251101
3 273079
3 282779
3 303247
3 407919
3 460188
3 473916
3 483289
3 528411
3 534330
3 557891
3 599244
3 647169
3 671072
3 681075
3 683092
3 720112
3 725955
3 738802
3 763853
3 791350
3 859934
3 871270
3 904782
3 941029
3 968347
3 969314
3 1074566
3 1222338
3 1234658
3 1309216
3 312165
3 411574
3 526619
3 549585
3 563573
3 1029867
3 1030438
3 1054617
3 1067214
3 1103304
3 1191990
3 1265658
3 1284767
3 1295728
3 1311722
3 1315843
3 1340128
3 1369055
3 1377426
3 1392597
3 1398679
3 1413771
3 1433561
3 204986
3 210939
3 256163
3 341089
3 366343
3 371727
3 373922
3 416624
3 427195
3 511202
3 522432
3 535308
3 538589
3 621856
3 625312
3 717016
3 720511
3 720978
3 745453
3 748106
3 750074
3 784285
3 853402
3 897869
3 903039
3 924395
3 972701
3 986935
3 990657
3 1295692
3 1349989
3 1390147
3 361335
3 413463
3 569933
3 662704
3 931255
3 1006259
3 1019671
3 1028428
3 1032663
3 1051471
3 1105023
3 1142159
3 1142440
3 1169175
3 1196820
3 1260991
3 1275203
3 1337412
3 1352837
3 1353763
3 1410201
3 1443215
3 220572
3 227430
3 329453
3 335367
3 389021
3 406022
3 422384
3 429827
3 43933
3 452353
3 477297
3 508931
3 525458
3 551000
3 555235
3 591173
3 596742
3 685557
3 703556
3 733874
3 755876
3 768682
3 840692
3 858002
3 867177
3 874548
3 878201
3 913604
3 944322
3 956601
3 1057217
3 1275231
3 1287950
3 235476
3 428206
3 701652
3 764554
3 946752
3 986169
3 999841
3 1056048
3 1107230
3 1111456
3 1120125
3 1158080
3 1191340
3 1199125
3 1231959
3 126163
3 1266852
3 1288513
3 1307704
3 1339260
3 1358553
3 1363591
3 1395921
3 1436840
3 216572
3 259249
3 271028
3 271624
3 308550
3 337664
3 413107
3 416121
3 447847
3 456623
3 489902
3 543191
3 594754
3 615145
3 622223
3 654300
3 701070
3 706571
3 771595
3 790025
3 791010
3 828510
3 829501
3 840711
3 850472
3 865538
3 923260
3 931221
3 957970
3 963228
3 968113
3 992754
3 1238026
3 1265431
3 1320960
3 316001
3 759393
3 776793
3 1016976
3 1079097
3 1084874
3 1085429
3 1093705
3 1134090
3 1141006
3 1143056
3 1152095
3 1166760
3 1225687
3 1252640
3 1265138
3 1279492
3 1327861
3 1377301
3 1383054
3 1436892
3 206154
3 268376
3 337304
3 444391
3 444448
3 461484
3 470791
3 483287
3 516800
3 563605
3 571559
3 604401
3 616232
3 663854
3 676859
3 724651
3 788271
3 82696
3 866843
3 911800
3 916693
3 922165
3 943981
3 973152
3 1318413
3 1435402
3 405787
3 480040
3 602936
3 807364
3 868873
3 1084106
3 1154819
3 1192921
3 1193100
3 1215199
3 1284027
3 1312646
3 1350486
3 1351592
3 1387116
3 1393532
3 1416153
3 1418034
3 167569
3 198903
3 204447
3 277010
3 330810
3 383279
3 395480
3 396466
3 406914
3 444975
3 459588
3 479312
3 491277
3 491725
3 505358
3 506201
3 523284
3 582355
3 627777
3 630979
3 637486
3 648023
3 693845
3 726815
3 825419
3 866343
3 888497
3 938707
3 1296907
3 271598
3 417256
3 513632
3 609235
3 700414
3 763469
3 779248
3 842234
3 930666
3 958132
3 1011710
3 1092313
3 1096509
3 1102804
3 1124967
3 1175698
3 1180788
3 1194407
3 1206740
3 1212531
3 1372317
3 219618
3 293982
3 303853
3 342318
3 444134
3 545261
3 547735
3 550669
3 553492
3 737185
3 789147
3 798750
3 876473
3 881928
3 942361
3 942444
3 961771
3 1170133
3 1283463
3 1285690
3 250070
3 413543
3 906433
3 509340
3 546714
3 953099
3 1132630
3 740821
3 1333521
3 1354331
3 130450
3 1291749
3 378044
3 1183147
3 266202
3 1128941
3 386840
3 1055315
3 571158
3 588788
3 1009711
3 653412
3 390764
3 483336
3 1261361
3 1439697
3 1123333
3 217428
3 203930
3 672844
3 631561
3 811941
3 709490
3 286479
3 1182641
3 790674
3 1330438
3 359415
3 1155871
3 291135
3 489755
3 481454
3 1303803
3 608141
3 703371
3 894435
3 935447
3 808273
3 877601
3 65359
3 1014684
3 1070499
3 53567
3 437116
3 943493
3 491030
3 383204
3 1094852
3 1375962
3 454812
3 499389
3 531797
3 653293
3 1029578
3 1035134
3 1152883
3 1158882
3 1180165
3 1183149
3 1193728
3 1207087
3 1275427
3 1275491
3 1333052
3 1340198
3 1386526
3 1389922
3 1408961
3 165720
3 172761
3 182599
3 185576
3 186316
3 264051
3 281405
3 366692
3 392670
3 408294
3 440208
3 455567
3 456216
3 470332
3 498974
3 499947
3 50474
3 513130
3 541573
3 611031
3 620218
3 660179
3 684430
3 686857
3 750676
3 759124
3 768396
3 782536
3 818222
3 830797
3 869969
3 875620
3 88838
3 904365
3 905452
3 912682
3 917980
3 918523
3 946653
3 947598
3 962093
3 967766
3 982389
3 1260977
3 1308192
3 27787
3 1005141
3 1022037
3 1027509
3 1050001
3 1093926
3 1133930
3 1151125
3 1168095
3 1186569
3 1186835
3 1242217
3 1253151
3 1275160
3 1275348
3 1337647
3 1412270
3 227438
3 341135
3 354116
3 375957
3 390956
3 406714
3 440518
3 466966
3 475408
3 707399
3 744917
3 790910
3 805255
3 859771
3 861642
3 982157
3 991283
3 1307238
3 1355536
3 1400266
3 448399
3 456396
3 691757
3 867418
3 956508
3 1011328
3 1013265
3 1028685
3 1034500
3 1034919
3 1037440
3 1080403
3 1082032
3 1087813
3 1090959
3 1107904
3 1120620
3 1136864
3 1162093
3 1183374
3 1223112
3 1257969
3 1275899
3 1303674
3 1306035
3 1312322
3 1364470
3 1371338
3 16362
3 202486
3 216488
3 216595
3 231942
3 236747
3 237951
3 245950
3 248592
3 257897
3 268473
3 27645
3 30362
3 320656
3 388788
3 417901
3 473449
3 569124
3 585084
3 595778
3 621443
3 627212
3 642778
3 648896
3 650517
3 650782
3 703749
3 704576
3 760257
3 778599
3 799328
3 816929
3 826117
3 866381
3 899782
3 967506
3 990647
3 279137
3 678038
3 509652
3 1380347
3 271002
3 510652
3 641429
3 663530
3 957730
3 1030842
3 1036925
3 1087972
3 1125453
3 1247035
3 1297436
3 1340598
3 1374891
3 1378036
3 1381024
3 1395780
3 146030
3 356365
3 360240
3 380832
3 412880
3 412913
3 417541
3 422763
3 430997
3 440826
3 453866
3 631910
3 640040
3 688915
3 694568
3 704679
3 733862
3 780258
3 783074
3 787892
3 884201
3 884329
3 914484
3 932962
3 940072
3 960729
3 1054076
3 1241910
3 1362467
3 986650
3 1033645
3 1045665
3 1066026
3 1068445
3 1074128
3 1078891
3 1080153
3 1080510
3 1084970
3 1106275
3 1239945
3 1329853
3 1338666
3 1344033
3 1344908
3 1374071
3 1374201
3 1379951
3 1398567
3 1407605
3 183237
3 253138
3 258558
3 274074
3 278645
3 294526
3 295004
3 298968
3 30050
3 325341
3 337095
3 338504
3 340500
3 343259
3 345464
3 370406
3 379653
3 406929
3 422837
3 428736
3 429889
3 438992
3 481549
3 563901
3 593062
3 604946
3 646833
3 652693
3 697335
3 709292
3 716760
3 721312
3 722874
3 728424
3 73254
3 788611
3 790893
3 838235
3 848118
3 851243
3 851600
3 852477
3 855405
3 865153
3 870035
3 875014
3 887184
3 887776
3 906389
3 914893
3 927164
3 931926
3 954018
3 992025
3 236089
3 268077
3 320011
3 429939
3 549840
3 1090487
3 1155159
3 1381218
3 1388122
3 350992
3 482572
3 506936
3 525100
3 531909
3 542247
3 574980
3 588734
3 590225
3 592319
3 638396
3 660451
3 668382
3 744125
3 744963
3 765421
3 790462
3 791801
3 812737
3 817309
3 826923
3 856878
3 858879
3 864629
3 906491
3 90731
3 907850
3 91225
3 913561
3 917127
3 928378
3 930613
3 991438
3 1008506
3 1029845
3 1035356
3 103886
3 1060691
3 1150986
3 1159877
3 1165159
3 125463
3 1267551
3 1278988
3 1284771
3 1303520
3 1312572
3 1312722
3 1319610
3 1354976
3 1355632
3 1357137
3 1412388
3 1443436
3 213108
3 232725
3 300699
3 305090
3 357453
3 378761
3 427920
3 431746
3 436548
3 443193
3 453159
3 453870
3 467677
3 470362
3 1030753
3 1033610
3 1051225
3 1056832
3 1080990
3 1122421
3 1123639
3 1124070
3 1337162
3 1340382
3 1359150
3 1382617
3 1390395
3 1398183
3 1430361
3 254659
3 266525
3 273677
3 3149
3 317530
3 321356
3 321938
3 331374
3 356699
3 361772
3 374207
3 384099
3 432348
3 460326
3 464054
3 491977
3 501416
3 531658
3 547047
3 555202
3 561970
3 639475
3 647738
3 651650
3 669647
3 677652
3 678816
3 683005
3 68770
3 701068
3 729813
3 731547
3 742286
3 747399
3 778953
3 796135
3 814013
3 818820
3 837686
3 838575
3 844051
3 877056
3 904939
3 909891
3 910456
3 912508
3 954156
3 966611
3 981704
3 992944
3 1030751
3 1033829
3 1034044
3 1053047
3 1055723
3 1056109
3 105736
3 1089026
3 1096732
3 1102372
3 1107119
3 1109231
3 1112902
3 1121967
3 1123062
3 1124676
3 1142434
3 1150257
3 1160763
3 1161941
3 1177826
3 1187310
3 1189244
3 1191935
3 1209335
3 1218808
3 1224466
3 1239580
3 125363
3 1257676
3 1272798
3 1273431
3 1280305
3 1283377
3 1285321
3 1289829
3 1308399
3 131754
3 1322422
3 1327756
3 1338799
3 1357083
3 1367800
3 1370061
3 1381716
3 1401335
3 1411730
3 1411939
3 1420132
3 1428897
3 1429499
3 1438902
3 1442281
3 148804
3 159525
3 210187
3 213816
3 213828
3 216943
3 250859
3 272536
3 283703
3 285145
3 291009
3 30294
3 303086
3 306810
3 307510
3 313168
3 333227
3 364182
3 364930
3 374367
3 375065
3 389312
3 395218
3 401214
3 41571
3 429828
3 432290
3 445213
3 445929
3 494783
3 500736
3 513861
3 519369
3 541047
3 551983
3 573763
3 593431
3 597729
3 609995
3 623991
3 625270
3 630370
3 633327
3 654883
3 685341
3 694247
3 695399
3 723996
3 726507
3 737990
3 762653
3 776794
3 787184
3 787933
3 794029
3 798275
3 808482
3 827543
3 839339
3 842474
3 857114
3 857351
3 862152
3 886361
3 893689
3 905001
3 911502
3 933195
3 946143
3 956014
3 958052
3 962434
3 1016676
3 1041931
3 1058926
3 1075738
3 1101360
3 1122197
3 1158479
3 1158943
3 1162076
3 1185190
3 1201041
3 1241098
3 1306573
3 1328734
3 1351955
3 1432179
3 1434322
3 154647
3 243839
3 257227
3 261270
3 273102
3 274576
3 285256
3 295268
3 352047
3 392616
3 403377
3 406033
3 445588
3 462756
3 494378
3 623166
3 718110
3 721586
3 772345
3 817491
3 822224
3 828375
3 844900
3 880590
3 889565
3 918724
3 920691
3 930657
3 932616
3 942360
3 994961
3 1388828
3 1387943
3 531119
3 656358
3 822629
3 683754
3 625694
3 1244111
3 1394791
3 1211649
3 652135
3 1014427
3 455953
3 1263609
3 684634
3 842220
3 852644
3 1292841
3 995531
3 602817
3 1163978
3 344088
3 954776
3 310071
3 886236
3 903907
3 303310
3 1280170
3 262714
3 438858
3 1363405
3 905681
3 1214458
3 1134413
3 729010
3 729873
3 928099
3 135216
3 978352
3 589088
3 895421
3 768512
3 250472
3 1200552
3 1075900
3 376070
3 794984
3 1373139
3 1099185
3 825849
3 602883
3 633673
3 1187397
3 1281288
3 1383156
3 1059697
3 888068
3 1075174
3 751287
3 1138948
3 786317
3 865409
3 780292
3 736923
3 625345
3 272854
3 511644
3 575248
3 1415555
3 651034
3 354294
3 653004
3 379656
3 1271710
3 360014
3 1157359
3 1365320
3 896574
3 128474
3 721444
4 115155
4 115695
4 117348
4 155538
4 187089
4 196679
4 99287
4 176348
4 21088
4 63338
4 121868
4 1301681
4 177918
4 91709
4 148925
4 169239
4 171055
4 158534
4 194004
4 1085737
4 101257
4 1188680
4 158769
4 24880
4 629091
4 85435
4 193647
4 92522
4 137356
4 116528
4 48734
4 50472
4 598034
4 113252
4 177929
4 110113
4 102797
4 1383196
4 166037
4 29288
4 77299
4 178323
4 123642
4 33421
4 151059
4 152286
4 28438
4 7571
4 83830
4 184183
4 53141
4 74497
4 95976
4 110661
4 115440
4 137665
4 139560
4 174783
4 190258
4 50205
4 52665
4 56635
4 68132
4 77707
4 78846
4 9233
4 95792
4 143347
4 71850
4 821544
4 135330
4 146593
4 34426
4 6650
4 7577
4 91985
4 135263
4 109846
4 148597
4 151476
4 170710
4 183930
4 191848
4 192900
4 768233
4 12743
4 136280
4 136691
4 142746
4 143706
4 162254
4 175319
4 191080
4 20801
4 70281
4 142706
4 21015
4 62994
4 1389679
4 145405
4 14660
4 151416
4 180756
4 198004
4 48187
4 60026
4 60483
4 97084
4 106408
4 49548
4 94816
4 102626
4 107546
4 116165
4 137772
4 186638
4 24374
4 96541
4 969454
4 17399
4 49675
4 116108
4 116486
4 133733
4 133994
4 137591
4 143772
4 165642
4 166636
4 166857
4 175164
4 177909
4 187039
4 21784
4 31206
4 32748
4 185791
4 49561
4 147276
4 168891
4 65700
4 17046
4 46585
4 168865
4 185227
4 67719
4 85871
4 120036
4 124708
4 141943
4 143199
4 949061
4 160156
4 65307
4 189986
4 80318
4 8107
4 158584
4 167401
4 1040042
4 71548
4 147508
4 28654
4 131041
4 140216
4 700461
4 96234
4 1375886
4 188156
4 117044
4 120698
4 37173
4 170007
4 401917
4 52747
4 156222
4 31248
4 38535
4 106917
4 127994
4 750484
4 689206
4 143106
4 127610
4 82705
4 195578
4 117686
4 1189612
4 123576
4 123590
4 980079
4 372252
4 49359
4 6720
4 136373
4 143060
4 52004
4 114288
4 116601
4 190678
4 69011
4 92755
4 100702
4 104562
4 19197
4 62357
4 78023
4 108728
4 1157282
4 91198
4 58983
4 138965
4 69510
4 135448
4 1352826
4 70254
4 61206
4 103794
4 11563
4 120089
4 122359
4 129291
4 16921
4 27640
4 39843
4 90686
5 1074805
5 1184078
5 1214742
5 1278181
5 1279680
5 143505
5 152167
5 162764
5 191158
5 204663
5 24867
5 26438
5 35949
5 431859
5 474966
5 621537
5 689212
5 779269
5 78809
5 816337
5 935088
5 94797
5 949533
5 972801
5 908220
5 129085
5 1407312
5 1278219
5 439785
5 286440
5 1371585
5 1315121
5 1039687
5 1188969
5 1335117
5 187098
5 272869
5 605775
5 611891
5 64224
5 836489
5 886474
5 933947
5 96039
5 971971
5 134767
5 1392207
5 87513
5 1034082
5 1061474
5 1172406
5 119421
5 165735
5 166223
5 188608
5 24451
5 266220
5 335904
5 764031
5 813438
5 83376
5 901080
5 330717
5 48620
5 823970
5 100417
5 1068355
5 1141187
5 1238080
5 1389437
5 326455
5 335003
5 574314
5 88734
5 1017495
5 1414460
5 101598
5 1260630
5 1381455
5 1424926
5 1443227
5 19237
5 231789
5 38425
5 391343
5 563430
5 61378
5 628425
5 629293
5 713621
5 730301
5 819202
5 850478
5 856389
5 962888
5 979479
5 536595
5 166039
5 81980
5 113382
5 1250844
5 1265101
5 1411218
5 1436181
5 274784
5 438789
5 454343
5 722700
5 818811
5 908791
5 911766
5 1067987
5 1068654
5 1126679
5 684905
5 107963
5 1248354
5 1266204
5 1276507
5 1374213
5 17900
5 201909
5 203582
5 312106
5 404060
5 649913
5 719540
5 74903
5 784834
5 805036
5 975326
5 1375348
5 275170
5 284991
5 330738
5 701609
5 905188
5 828967
5 854815
5 115782
5 1337437
5 134011
5 1402832
5 190204
5 24486
5 32260
5 428364
5 55106
5 622104
5 634841
5 7424
5 807818
5 836379
5 891772
5 101479
5 179471
5 184523
5 253787
5 857880
5 92262
5 235564
5 1264161
5 1341316
5 141787
5 218129
5 972685
5 1438100
5 40120
5 1292805
5 198513
5 205677
5 1191167
5 104679
5 108002
5 1374545
5 1408297
5 140937
5 180076
5 821607
5 1154146
5 34465
5 1020023
5 1035267
5 1103238
5 1126453
5 1171346
5 119776
5 286121
5 456026
5 827374
5 210117
5 364938
5 107000
5 1106517
5 1202072
5 125603
5 1344731
5 191933
5 35194
5 916539
5 982259
5 1402699
5 453577
5 101244
5 105948
5 1175941
5 16237
5 187535
5 1941
5 593965
5 979480
5 1261553
5 1322693
5 150298
5 265650
5 383197
5 63278
5 1052259
5 148594
5 326598
5 394586
5 345982
5 457551
5 152299
5 5344
5 739589
5 823808
5 1000284
5 1231004
5 1350304
5 549122
5 592491
5 1034809
5 1293873
5 1361109
5 478574
5 702141
5 166651
5 1193879
5 1029861
5 107837
5 559474
5 1438477
5 718613
5 68470
5 89796
5 971533
5 1069122
5 1138178
5 117816
5 1311583
5 1333249
5 1415276
5 149748
5 22658
5 286191
5 710517
5 7624
5 800239
5 969261
5 109699
5 1277857
5 1311581
5 893455
5 950046
5 99341
5 1015127
5 1038260
5 1051243
5 1082697
5 162391
5 227651
5 240578
5 307201
5 330622
5 493547
5 584352
5 916627
5 971977
5 935743
5 1144578
5 258586
5 668152
5 72183
5 76853
5 1088719
5 114523
5 1255902
5 1360105
5 1380863
5 1439132
5 375381
5 381691
5 480460
5 715508
5 894312
5 102920
5 1061029
5 1071131
5 119510
5 281426
5 600808
5 929345
5 1106819
5 117952
5 1275254
5 1341430
5 1345345
5 1433361
5 188861
5 290180
5 377736
5 467707
5 56050
5 594939
5 618590
5 730840
5 733767
5 7431
5 793101
5 862815
5 878143
5 926322
5 938124
5 96251
5 755366
5 1249946
5 132266
5 511020
5 517218
5 524564
5 645468
5 673520
5 192495
5 309984
5 36037
5 368326
5 36969
5 1000366
5 1083329
5 1194486
5 121468
5 1279449
5 1329994
5 1405469
5 1415598
5 1431882
5 168418
5 170652
5 22392
5 22573
5 264958
5 313761
5 3156
5 423090
5 429002
5 45381
5 467682
5 635732
5 64254
5 662100
5 824789
5 831236
5 85118
5 88554
5 96963
5 989047
5 100089
5 1020723
5 1130919
5 201005
5 26356
5 269282
5 954605
5 975615
5 1050409
5 1091827
5 1112986
5 1145280
5 1246604
5 1356152
5 1371783
5 142020
5 172600
5 242751
5 243883
5 366443
5 37743
5 454645
5 461472
5 551470
5 675521
5 700799
5 860821
5 942994
5 296929
5 992053
5 1361149
5 330097
5 130795
5 1362444
5 1029750
5 28402
5 724230
5 782085
5 122180
5 1191944
5 438281
5 712343
5 159534
5 872936
5 374563
5 1022860
5 1340395
5 63666
5 1241967
5 1337347
5 1381846
5 1382695

